    0.806611726564828147E-98   -0.444653800625979159E+03    0.100135191965446180E+01    0.107436346704983134E+04
    0.112981478448612491E-88   -0.486814265440149484E+03    0.101209807075946556E+01    0.116172687071315727E+04
    0.462056848785170615E-87   -0.494276363696310966E+03    0.101154093761209074E+01    0.119731319193728154E+04
    0.214701522487591915E-72   -0.561861038212655558E+03    0.992954620913103603E+00    0.157506585741366075E+04
    0.135066496468255113E-71   -0.565579245253657632E+03    0.101007795349714713E+01    0.124968545234883391E+04
    0.607240939792332129E-69   -0.577835902473853821E+03    0.100267036801514764E+01    0.106902169556196236E+04
    0.743522337222351414E-61   -0.615122210283915933E+03    0.998783426874096825E+00    0.128973532448511060E+04
    0.833671347318466121E-59   -0.624601431551777068E+03    0.100540108985581056E+01    0.149282279089068516E+04
    0.346995350506672265E-58   -0.627493545985786682E+03    0.101077000952383611E+01    0.116265267451467344E+04
    0.331215373977261944E-57   -0.632045631091187488E+03    0.100625430046366882E+01    0.143967483335649308E+04
    0.496397489446461266E-56   -0.637500017587874027E+03    0.100397111615613555E+01    0.103579425058640072E+04
    0.614684006200666501E-56   -0.637967480245690240E+03    0.988455279741004000E+00    0.190629532975284246E+04
    0.143602788101756429E-55   -0.639704535926621247E+03    0.995162773877660722E+00    0.149319659534338280E+04
    0.735883204518802633E-55   -0.643012576615516991E+03    0.996854656827446006E+00    0.188123179126565128E+04
    0.273581035235535298E-54   -0.645678799703630034E+03    0.996538237740624000E+00    0.189541528402116546E+04
    0.631358942059117074E-54   -0.647391353062615053E+03    0.996926783949075301E+00    0.140337847631722252E+04
    0.210904357118729679E-53   -0.649843583648074286E+03    0.100937668494348265E+01    0.124168802727900311E+04
    0.274931017386582742E-50   -0.664229325152874708E+03    0.100329419039076928E+01    0.158119472976474822E+04
    0.915340404127912683E-47   -0.680490387315094267E+03    0.992864410769994210E+00    0.164499966327783272E+04
    0.536751050967483721E-41   -0.707093885175657419E+03    0.100181793392059149E+01    0.162877618328594508E+04
    0.781999396495608188E-41   -0.707886524323703043E+03    0.998395121295724941E+00    0.135782171870650245E+04
    0.130202430031203785E-40   -0.708946167358959428E+03    0.101021652569420173E+01    0.113008541728397950E+04
    0.502772014153024368E-40   -0.711688260202428751E+03    0.995522202484885876E+00    0.190074855848957463E+04
    0.626413312421217025E-39   -0.716773177551517961E+03    0.992831377025463313E+00    0.198853696390349501E+04
    0.188220735789810704E-37   -0.723618727931302828E+03    0.995410605668066495E+00    0.152687223731714721E+04
    0.328087082868389275E-37   -0.724770055269447198E+03    0.990330436186660723E+00    0.185195912545452097E+04
    0.470015597345344918E-35   -0.734739369262020318E+03    0.998507122638197964E+00    0.136954596857171191E+04
    0.341537098053013560E-34   -0.738745920299558406E+03    0.991464711417560540E+00    0.178300098700391572E+04
    0.116529587758825916E-33   -0.741240468299885265E+03    0.989940414848514805E+00    0.191534612565625025E+04
    0.188462217748049653E-33   -0.742241972974903547E+03    0.994753495944743937E+00    0.157848684186441096E+04
    0.322061329900137347E-33   -0.743353661859880276E+03    0.990381561491460172E+00    0.187456250640447229E+04
    0.399622225272565989E-33   -0.743825217202063072E+03    0.100279381118993527E+01    0.155914999116729041E+04
    0.118810914556513177E-30   -0.755254754984131068E+03    0.997599964498048442E+00    0.179136145394620212E+04
    0.213553163298462587E-28   -0.765677800424137558E+03    0.991446886729353105E+00    0.181737445338385282E+04
    0.120523040725650853E-27   -0.769178880877923802E+03    0.100650662970700577E+01    0.102269828508769081E+04
    0.206211531647463756E-27   -0.770293003979125046E+03    0.999831714180698494E+00    0.168429275461162115E+04
    0.665501886498416074E-27   -0.772676281935014799E+03    0.100534964155203599E+01    0.107488839857391190E+04
    0.126392120415135741E-25   -0.778604317644475486E+03    0.994964549538611687E+00    0.186848203809528150E+04
    0.139493630070663981E-24   -0.783446747423186025E+03    0.100618358869918922E+01    0.105079780839442196E+04
    0.185251136824471119E-24   -0.784054134349623382E+03    0.996402372192464081E+00    0.151671263912386689E+04
    0.788496054951993251E-24   -0.786990964354218249E+03    0.100590395950170319E+01    0.135360546985969359E+04
    0.291163378508650249E-23   -0.789643648829484391E+03    0.100771773498102468E+01    0.100927530363387939E+04
    0.338151664290521819E-23   -0.789982868745410315E+03    0.100257104425998977E+01    0.121320878921243911E+04
    0.103187925449728008E-22   -0.792254153609368473E+03    0.100872822057001588E+01    0.113294670464975752E+04
    0.297448911969863275E-22   -0.794411534891412884E+03    0.100584046698604057E+01    0.135013459514782789E+04
    0.453695205582774790E-22   -0.795295901158357992E+03    0.995418238218873541E+00    0.183820055890841968E+04
    0.331492127680532915E-20   -0.803918598415400197E+03    0.999130667183233512E+00    0.139078121640928998E+04
    0.128693564869879436E-19   -0.806671428702522462E+03    0.100301585306677477E+01    0.120923996661136312E+04
    0.263384852928544413E-19   -0.808143793041219737E+03    0.100823802352918501E+01    0.103840432049621108E+04
    0.714854459795918598E-19   -0.810180718416323202E+03    0.998629441247470773E+00    0.170770483149125312E+04
    0.130259548335649609E-18   -0.811420788635240456E+03    0.993849973567267342E+00    0.170136934519077454E+04
    0.554629623670737020E-18   -0.814358331756299435E+03    0.994429707674071683E+00    0.184758779673668892E+04
    0.100872900383847523E-17   -0.815594623474486298E+03    0.996025610840357345E+00    0.156662201684966749E+04
    0.281826109288065018E-17   -0.817689481343838906E+03    0.100744877012988132E+01    0.106935645557973612E+04
    0.364479486256529191E-17   -0.818243841391283468E+03    0.100695173855314501E+01    0.107971388597120267E+04
    0.378352227642411684E-16   -0.822963722197615652E+03    0.100779621649734352E+01    0.113833540146359132E+04
    0.573196449666224346E-16   -0.823834528039908264E+03    0.993086833089273258E+00    0.184226797350917741E+04
    0.226531083888504162E-15   -0.826623005564228833E+03    0.100295042395591749E+01    0.148846203088760376E+04
    0.431412063152324136E-15   -0.827951368614522949E+03    0.100505486407269506E+01    0.114879359163621211E+04
    0.539636994744358557E-15   -0.828439034584901265E+03    0.995057576629662210E+00    0.164069284304265989E+04
    0.618734394255037326E-15   -0.828752593406110577E+03    0.997337686279064939E+00    0.173875038275566749E+04
    0.141083250174832288E-14   -0.830441111693614403E+03    0.993994839147906539E+00    0.172121067618355346E+04
    0.274192483206624013E-13   -0.836415242300188766E+03    0.100341020524280755E+01    0.145034453490510941E+04
    0.329558101130332311E-13   -0.836823086932964770E+03    0.999909887819018239E+00    0.138157995456405706E+04
    0.326753826336290118E-13   -0.836845995719214670E+03    0.100262180062340667E+01    0.125545188978863234E+04
    0.642930480614318079E-13   -0.838239654796072955E+03    0.100338070855745931E+01    0.122600228320457086E+04
    0.718797110231258681E-13   -0.838502739863035458E+03    0.100159049246896581E+01    0.154478629434455115E+04
    0.841234434910691360E-13   -0.838857322350674622E+03    0.100196837109427306E+01    0.128927464840162338E+04
    0.131430574417276659E-12   -0.839789709301763310E+03    0.100680336665468073E+01    0.114163943010028242E+04
    0.102800273684123084E-11   -0.843943497996374163E+03    0.994888883591086515E+00    0.167822976977294229E+04
    0.148749471389293181E-11   -0.844722448947213252E+03    0.999970773608249375E+00    0.138785388906432513E+04
    0.886317740314671896E-11   -0.848332072985135369E+03    0.100210946721383687E+01    0.129540954901385726E+04
    0.891300702816438398E-11   -0.848383285685077226E+03    0.999639386059950730E+00    0.140802888214029554E+04
    0.902317883541366154E-11   -0.848447855723254406E+03    0.100279109210377748E+01    0.126310860749751873E+04
    0.125392942831202625E-10   -0.849145996850437427E+03    0.100627454040751729E+01    0.121514771319945203E+04
    0.157749470824775232E-10   -0.849645108445528649E+03    0.100576659391190359E+01    0.127156140113689298E+04
    0.193907348485162703E-10   -0.850097853071443751E+03    0.998884616801972602E+00    0.165593866795595841E+04
    0.215350105566569632E-10   -0.850347622355151884E+03    0.100486503587908382E+01    0.119791446835884835E+04
    0.220248497581243370E-10   -0.850432605038470342E+03    0.100283905427066777E+01    0.126387072274760885E+04
    0.374649931087292136E-10   -0.851535076297476166E+03    0.998672994633166944E+00    0.145818347019863722E+04
    0.686249471983326017E-10   -0.852785574598533799E+03    0.997569527821179025E+00    0.170731732091749927E+04
    0.757830692993696562E-10   -0.853024012152787577E+03    0.100398158138535787E+01    0.139793875864565848E+04
    0.236152794114465877E-09   -0.855337220394161250E+03    0.100302023147451269E+01    0.126361588705933218E+04
    0.344388673811877864E-09   -0.856131804108296819E+03    0.996313944314541233E+00    0.173863542786146058E+04
    0.449008360320329123E-09   -0.856702345352593397E+03    0.100555216376612089E+01    0.126843075336570655E+04
    0.476304411822074161E-09   -0.856860376678641160E+03    0.994842895493431634E+00    0.172730355342973007E+04
    0.526594302281578332E-09   -0.857101123192084174E+03    0.994986675115949293E+00    0.170526357858406527E+04
    0.110043686564676629E-08   -0.858615187398783405E+03    0.994995468461759347E+00    0.171298474755569032E+04
    0.179280300241518745E-08   -0.859631333532106623E+03    0.100471020293017688E+01    0.133316560281519946E+04
    0.288880998819035198E-08   -0.860625462192749751E+03    0.100551285265831503E+01    0.125244367986879161E+04
    0.730893789776663834E-08   -0.862521968833250185E+03    0.996429169299153705E+00    0.160665731275000076E+04
    0.818665750753105675E-08   -0.862788784287332305E+03    0.100409405348264880E+01    0.123861432656256147E+04
    0.162247753147744425E-07   -0.864196851724498515E+03    0.100278098013940609E+01    0.128982122240833178E+04
    0.161025169401768855E-07   -0.864221724078605462E+03    0.995904274492699138E+00    0.173077434932743608E+04
    0.455625987602700853E-07   -0.866341947250374687E+03    0.100305699782647473E+01    0.128223672173827640E+04
    0.513187694550894484E-07   -0.866619886018841385E+03    0.100027295649075554E+01    0.140207026832585530E+04
    0.509210852513205588E-07   -0.866644327068349071E+03    0.996310863370099220E+00    0.162248479434648038E+04
    0.618753918138078735E-07   -0.867074018002112098E+03    0.100484049563531763E+01    0.123798292104246320E+04
    0.646019998202040734E-07   -0.867200263630242716E+03    0.998591779628828169E+00    0.148549455140658551E+04
    0.108784451780901642E-06   -0.868282509731254095E+03    0.100222437699361899E+01    0.131603078402697588E+04
    0.117077662933061984E-06   -0.868469447896369957E+03    0.100092150649126177E+01    0.137157764752635148E+04
    0.139422231420881176E-06   -0.868858786825600305E+03    0.100476168843808189E+01    0.124619806937022486E+04
    0.189805707385243841E-06   -0.869515774808178890E+03    0.100373685656835776E+01    0.126489805103854405E+04
    0.198276650117132451E-06   -0.869643099452287402E+03    0.996337623281017493E+00    0.162819275576077325E+04
    0.223598590395519822E-06   -0.869923477769938813E+03    0.100485404205317219E+01    0.126877799123481464E+04
    0.221299426041925311E-06   -0.869942806202643624E+03    0.996185173463254081E+00    0.164130187075734557E+04
    0.235187727705992396E-06   -0.870104540968770493E+03    0.100463089088804836E+01    0.130519833572036578E+04
    0.269935155066087146E-06   -0.870420136423149529E+03    0.100127993719231978E+01    0.135768376727904183E+04
    0.307318814127781287E-06   -0.870719544278162061E+03    0.100262782413385421E+01    0.130674061282482944E+04
    0.306724601366858278E-06   -0.870755673457751527E+03    0.100462245526793481E+01    0.125528389552826798E+04
    0.308331113187059626E-06   -0.870806121392373711E+03    0.100425257373017840E+01    0.133876596896462934E+04
    0.388706946608941863E-06   -0.871309424313860859E+03    0.100236482018414441E+01    0.146221799016209479E+04
    0.429650383458114804E-06   -0.871549716528182330E+03    0.100333830251080935E+01    0.128363306005724098E+04
    0.434186821890541755E-06   -0.871610722709010588E+03    0.995863589432862906E+00    0.168373713206486286E+04
    0.437627529028406697E-06   -0.871666509212172400E+03    0.100188333160673193E+01    0.149057260575717191E+04
    0.530578072249646574E-06   -0.872091707124726327E+03    0.100385897231932741E+01    0.136595900403805354E+04
    0.705455813795575667E-06   -0.872701461172252493E+03    0.996349210479495651E+00    0.163709886087643918E+04
    0.745807678079576337E-06   -0.872852708421253055E+03    0.100451296602103390E+01    0.129695626067721855E+04
    0.758058784199182957E-06   -0.872925294764384375E+03    0.999302523298532086E+00    0.161192584011462577E+04
    0.780390415998012585E-06   -0.873023361551264543E+03    0.996849327595908052E+00    0.169953809586696889E+04
    0.797098446284409879E-06   -0.873105729280128912E+03    0.100193185353780878E+01    0.133443872047474224E+04
    0.843336069284802561E-06   -0.873258503970204515E+03    0.100445665194192979E+01    0.130521261751135467E+04
    0.121110765704117519E-05   -0.874022354173470944E+03    0.997479827842841171E+00    0.167468901633081759E+04
    0.150749318649890179E-05   -0.874500179713397188E+03    0.100324993638168181E+01    0.129565498934207221E+04
    0.157375508250059200E-05   -0.874626212525487631E+03    0.997018395884642361E+00    0.168829057611125609E+04
    0.180641017718881311E-05   -0.874941966550368647E+03    0.997940997623583570E+00    0.153358305206995192E+04
    0.203740370529897718E-05   -0.875222636061276148E+03    0.999589255953305722E+00    0.159964307107789546E+04
    0.202041205554456549E-05   -0.875245886410657477E+03    0.997001062855983999E+00    0.168678419190328987E+04
    0.247080010954709985E-05   -0.875688367512002628E+03    0.100421035592785080E+01    0.128409429885257327E+04
    0.248636984662184428E-05   -0.875740930961237495E+03    0.996343531176632657E+00    0.169622709353333812E+04
    0.256075582226413934E-05   -0.875839888369625442E+03    0.100180648464071309E+01    0.134433506538525648E+04
    0.304219256291596553E-05   -0.876224440440154808E+03    0.999314200605317726E+00    0.160728471356272689E+04
    0.329195155025515364E-05   -0.876422244584224131E+03    0.996288467176977499E+00    0.166937725848968830E+04
    0.325066605025956133E-05   -0.876437003281421994E+03    0.100398808006663609E+01    0.134051369595644837E+04
    0.429284149448005059E-05   -0.877033181187063292E+03    0.100387355089366226E+01    0.134827671009162600E+04
    0.429020731516704547E-05   -0.877071953567622131E+03    0.100138364634922561E+01    0.150774604170470343E+04
    0.105379719259256709E-04   -0.878909253669057193E+03    0.100358898416456377E+01    0.130225583317792143E+04
    0.114416695599601757E-04   -0.879113807285368694E+03    0.100065795496325149E+01    0.153799521492509848E+04
    0.120405270407800792E-04   -0.879255839879797577E+03    0.100030114944845305E+01    0.141787965988848532E+04
    0.140527050839344061E-04   -0.879604913273474153E+03    0.998250494103637642E+00    0.152523194647666196E+04
    0.139515071506383952E-04   -0.879630458537457571E+03    0.100396625467643830E+01    0.131630841591932904E+04
    0.143028946009991327E-04   -0.879720207326514128E+03    0.100320916548811678E+01    0.130904817243246657E+04
    0.172845325352494616E-04   -0.880138907510600006E+03    0.100351154051737623E+01    0.130636402056846487E+04
    0.176643060970946407E-04   -0.880222375451271660E+03    0.996690574641838856E+00    0.166186862849773615E+04
    0.173423731810680322E-04   -0.880225589100931984E+03    0.996762721140014962E+00    0.166615761073022804E+04
    0.197835280736803818E-04   -0.880528982805642158E+03    0.100358034667782703E+01    0.130740341438584392E+04
    0.240458534869921073E-04   -0.880959208592657546E+03    0.100347751555820408E+01    0.136607743556506239E+04
    0.237115039176410240E-04   -0.880971204109135442E+03    0.100360853902294234E+01    0.130918841577610624E+04
    0.239197604156698499E-04   -0.881028693279579898E+03    0.100250818465555480E+01    0.143403108249410411E+04
    0.280044901620273624E-04   -0.881384013174145934E+03    0.100299659061525182E+01    0.140303399457667592E+04
    0.284902736664044216E-04   -0.881458408961978193E+03    0.100139435723607129E+01    0.150044556984257861E+04
    0.314931338115796399E-04   -0.881698822549322358E+03    0.999659401657122748E+00    0.158166115746141486E+04
    0.322309487238295128E-04   -0.881785137716534337E+03    0.100370403787432827E+01    0.133794758992557081E+04
    0.509123909484876229E-04   -0.882739496115714815E+03    0.996958663204390194E+00    0.164864783624113716E+04
    0.535775304166316360E-04   -0.882881542996728626E+03    0.999872920003014087E+00    0.144402241785282285E+04
    0.599656416150818239E-04   -0.883146826970555367E+03    0.997846418818808756E+00    0.155894514638339751E+04
    0.101153277094699899E-03   -0.884232557376559498E+03    0.999518006079147647E+00    0.146531500272790709E+04
    0.102638280227030439E-03   -0.884301705383209082E+03    0.997913062546805785E+00    0.155796852275915217E+04
    0.122826620196616454E-03   -0.884700830991781459E+03    0.100196876044732486E+01    0.135773840609394983E+04
    0.120851119068808224E-03   -0.884708402187827005E+03    0.998414988568737893E+00    0.162142395808649007E+04
    0.145769344659717263E-03   -0.885123334536372909E+03    0.997771668669791056E+00    0.163623559490473190E+04
    0.143249083674055393E-03   -0.885128453371417322E+03    0.999341901493046247E+00    0.158931088001423063E+04
    0.183968566342889616E-03   -0.885668813269493967E+03    0.997251104313236825E+00    0.162087457874495067E+04
    0.307709966548325782E-03   -0.886737598798201475E+03    0.997361817618045099E+00    0.162442503448070465E+04
    0.741034971399049855E-03   -0.888535379091755885E+03    0.997580177632830023E+00    0.160489406773814835E+04
    0.800303071424844810E-03   -0.888729264444064938E+03    0.997778857504495909E+00    0.162125074207197986E+04
    0.807054741179753505E-03   -0.888786066451461807E+03    0.100209330538042929E+01    0.143771468676521135E+04
    0.981156822502326185E-03   -0.889216748066906803E+03    0.100285045212338408E+01    0.136649136931802263E+04
    0.108569930792950511E-02   -0.889459242617241671E+03    0.999537123041087217E+00    0.156769908354869449E+04
    0.112283796999349222E-02   -0.889566512775955516E+03    0.998183400517962505E+00    0.155878674052285942E+04
    0.125851431240488155E-02   -0.889834657827851970E+03    0.100270039153637369E+01    0.138220480975657279E+04
    0.133901126637812245E-02   -0.889998656973009474E+03    0.100242754740911200E+01    0.136390316244293490E+04
    0.154007276814573080E-02   -0.890318453346318051E+03    0.100260669063843810E+01    0.138788429264804290E+04
    0.151006560947309840E-02   -0.890319100211344448E+03    0.997843418209918953E+00    0.161164161047699145E+04
    0.151885173610982228E-02   -0.890370703236818599E+03    0.100171781642431035E+01    0.138696864795180727E+04
    0.186894993938177545E-02   -0.890825547498428818E+03    0.100102399095059313E+01    0.141294673933085824E+04
    0.203283230613032339E-02   -0.891033654102267974E+03    0.998887543749891638E+00    0.151874843086610554E+04
    0.228070343646945414E-02   -0.891303761851913578E+03    0.100249491024172066E+01    0.138073385364120509E+04
    0.226287950841504593E-02   -0.891328070253717101E+03    0.999342626200998119E+00    0.157023053048834754E+04
    0.245508651811363922E-02   -0.891531118016053597E+03    0.100098336232883200E+01    0.141626482069846975E+04
    0.248416424609672337E-02   -0.891594666578618899E+03    0.998353229387355712E+00    0.155654654087034169E+04
    0.285233655690952329E-02   -0.891911071017456834E+03    0.999871811192237447E+00    0.154533617406820940E+04
    0.279978987451946337E-02   -0.891913882750715629E+03    0.100062549779004839E+01    0.143118444785887937E+04
    0.304575408317605449E-02   -0.892122291045345833E+03    0.998508602250721244E+00    0.154775598694230302E+04
    0.321451895807805957E-02   -0.892270149456129843E+03    0.999612872940381259E+00    0.148288584234261612E+04
    0.315105347860574619E-02   -0.892270267680770985E+03    0.998048012837093990E+00    0.159507361883339718E+04
    0.328789324239722822E-02   -0.892395288027233278E+03    0.100216375252771583E+01    0.138732621031848635E+04
    0.324817589803383378E-02   -0.892410981164877626E+03    0.100027247734677793E+01    0.144852611509425515E+04
    0.361540895033992966E-02   -0.892665203961956195E+03    0.100221611787845633E+01    0.140129091575994175E+04
    0.381443971042378120E-02   -0.892812381589724737E+03    0.998197889077213185E+00    0.160025489601578965E+04
    0.385306686045135518E-02   -0.892872532848259766E+03    0.998261359232257561E+00    0.157620006302290540E+04
    0.411097490994778107E-02   -0.893042114421107271E+03    0.100123187530356650E+01    0.147552343079981165E+04
    0.436054962246930095E-02   -0.893199990230845060E+03    0.100198270459762573E+01    0.142482397268023487E+04
    0.435759234816810240E-02   -0.893238633393837972E+03    0.100191514862516318E+01    0.139986617406434198E+04
    0.438647595229628862E-02   -0.893291846332341606E+03    0.100015666369224721E+01    0.145721604250432893E+04
    0.450736909209961158E-02   -0.893386221278479866E+03    0.100133548242756865E+01    0.141086651348569399E+04
    0.451334846460958554E-02   -0.893428872674379591E+03    0.999353327108257750E+00    0.156153359366051086E+04
    0.462632186477823434E-02   -0.893518318289073477E+03    0.100115402831617883E+01    0.141672683586358517E+04
    0.500385086729562400E-02   -0.893715209590537938E+03    0.998423419694227987E+00    0.158603271034280328E+04
    0.510625887009248311E-02   -0.893795728045073588E+03    0.100071839141068208E+01    0.150296239339233534E+04
    0.512115480265679796E-02   -0.893841553933640967E+03    0.999885042295266202E+00    0.147356327624779078E+04
    0.513904410510905140E-02   -0.893888528192421290E+03    0.100031510906047272E+01    0.145171380650590527E+04
    0.505574668900353984E-02   -0.893895845120658464E+03    0.998434932713374912E+00    0.157253423466516642E+04
    0.514245805690975808E-02   -0.893969856384303171E+03    0.100172280578200712E+01    0.143915519996645980E+04
    0.511627530982709453E-02   -0.893999647403136464E+03    0.998941704009082554E+00    0.152788737412014325E+04
    0.505366424019253364E-02   -0.894015021156194052E+03    0.998500753305278432E+00    0.156506656270445410E+04
    0.518791814084972741E-02   -0.894107458987161067E+03    0.100059051913353203E+01    0.144007458089689680E+04
    0.534882660138303635E-02   -0.894208548431630220E+03    0.100136972220022069E+01    0.141312586193905395E+04
    0.558656967680377838E-02   -0.894335524902176530E+03    0.998956813533990795E+00    0.152879515366282021E+04
    0.548007327311876395E-02   -0.894337030955369528E+03    0.999484669326591080E+00    0.149972105639379151E+04
    0.565253239294029666E-02   -0.894439001323377511E+03    0.100030776317766401E+01    0.151831243408887894E+04
    0.557593028736253285E-02   -0.894451712353841572E+03    0.100141212002144031E+01    0.145741324779372189E+04
    0.561434599370782064E-02   -0.894505444224724329E+03    0.100190562669734962E+01    0.141058974561293849E+04
    0.565233770221321759E-02   -0.894558932435995189E+03    0.999420055223519288E+00    0.155376361092556795E+04
    0.567048650987809436E-02   -0.894605343848154234E+03    0.999396077847736097E+00    0.155442811911201034E+04
    0.566581757678822316E-02   -0.894643696421155823E+03    0.100166308153052430E+01    0.143893267316706533E+04
    0.599326537642444826E-02   -0.894796066814736264E+03    0.100163397919321073E+01    0.143996366514452075E+04
    0.593862161585734065E-02   -0.894817748122102330E+03    0.100160125441799353E+01    0.141139534874663650E+04
    0.582530824689568138E-02   -0.894819217843561546E+03    0.100066807213744902E+01    0.143966107632540047E+04
    0.574369615999465767E-02   -0.894830999878434227E+03    0.998649139092429694E+00    0.156420710617670625E+04
    0.570609166558149871E-02   -0.894857862646480157E+03    0.100073934353155658E+01    0.143691034113108276E+04
    0.580694262600562391E-02   -0.894932902424009058E+03    0.100118268452397796E+01    0.146955139243306462E+04
    0.585336938429727779E-02   -0.894988828928751104E+03    0.999077353431823023E+00    0.152477199306753664E+04
    0.577821865197531651E-02   -0.895002984898581644E+03    0.998709612172818284E+00    0.155740668306251155E+04
    0.566543263997113748E-02   -0.895003560536126315E+03    0.998996687964133878E+00    0.156494627887088427E+04
    0.574085517619620476E-02   -0.895070010380882877E+03    0.998837062509112750E+00    0.154375148024953523E+04
    0.565183256095312583E-02   -0.895078753690895383E+03    0.100077968010545026E+01    0.149411287750790461E+04
    0.569482883950727433E-02   -0.895133911095468761E+03    0.100147802102148775E+01    0.144877511575970266E+04
    0.567465515344483737E-02   -0.895166813602830985E+03    0.998885845327573962E+00    0.156554340516830507E+04
    0.574813919906796977E-02   -0.895232546381375073E+03    0.999823764667209458E+00    0.148335522978656672E+04
    0.602216607901920071E-02   -0.895365688028401905E+03    0.999703627303619946E+00    0.153913653841398923E+04
    0.590570914516458292E-02   -0.895366633081137024E+03    0.100172553303015688E+01    0.142509326605713522E+04
    0.601557316787047942E-02   -0.895443497280896054E+03    0.100130968905770690E+01    0.142070416951023094E+04
    0.592648784821469665E-02   -0.895453657549854597E+03    0.998982888027165949E+00    0.153519588101746194E+04
    0.583411677709447848E-02   -0.895462239787390445E+03    0.999344792616482347E+00    0.155148733021766566E+04
    0.588597306469015695E-02   -0.895519938158884997E+03    0.100141882005946292E+01    0.145013665317247819E+04
    0.598900005143814407E-02   -0.895594642935356433E+03    0.100115439057521538E+01    0.142574181687856299E+04
    0.599559517241793176E-02   -0.895636844134987314E+03    0.999101573774392904E+00    0.152773059577504182E+04
    0.605431148988266714E-02   -0.895696335333992579E+03    0.100087648820998543E+01    0.148451980732970037E+04
    0.594754465547911795E-02   -0.895700750954502382E+03    0.999812678620179196E+00    0.148651719206681446E+04
    0.589232443612692624E-02   -0.895722095133456833E+03    0.100103006539676254E+01    0.143030826486519095E+04
    0.608121171779621265E-02   -0.895825201955237276E+03    0.100087878974583933E+01    0.143611688668531406E+04
    0.616467971312301393E-02   -0.895892466377240339E+03    0.100060255666205711E+01    0.144745546646082039E+04
    0.605369336494862922E-02   -0.895896131130263825E+03    0.100124214544007017E+01    0.142515117534907404E+04
    0.593773229203256939E-02   -0.895897448594542539E+03    0.100005456605740095E+01    0.147396550035789824E+04
    0.595688146953050023E-02   -0.895943888213154878E+03    0.999897085831092935E+00    0.148298542308017795E+04
    0.603718782086270188E-02   -0.896010670633519112E+03    0.100030715327284536E+01    0.146161163581593610E+04
    0.624096410751953309E-02   -0.896117063361328178E+03    0.999457518120788646E+00    0.154362500113398801E+04
    0.639782340485953172E-02   -0.896206709690674643E+03    0.999230009059342894E+00    0.154899636537380115E+04
    0.645535677661003473E-02   -0.896264614599870811E+03    0.999926359632125394E+00    0.152617990406295939E+04
    0.633249117972068797E-02   -0.896266181431681844E+03    0.999169607479328703E+00    0.152859589413239883E+04
    0.654936039805719631E-02   -0.896373528803069462E+03    0.100140731631838387E+01    0.144246068464398809E+04
    0.680131726458927093E-02   -0.896489026629219097E+03    0.100127852359995395E+01    0.145177466613225624E+04
    0.703275530433099868E-02   -0.896595951140050829E+03    0.100118409166444344E+01    0.145773162825389818E+04
    0.704344127578970716E-02   -0.896638987748256909E+03    0.100138209452007731E+01    0.144006146812581937E+04
    0.692758699550629752E-02   -0.896645817122955350E+03    0.999616791341770616E+00    0.153493293295451031E+04
    0.711759927718757460E-02   -0.896739934988405480E+03    0.100071632766765894E+01    0.144775416824494050E+04
    0.701485373956739315E-02   -0.896750853738949104E+03    0.100032937174742065E+01    0.150783893041753936E+04
    0.689647519957771026E-02   -0.896756814892491775E+03    0.100113618861726095E+01    0.145958670678265003E+04
    0.680765134137652130E-02   -0.896770888365380983E+03    0.100071527860645060E+01    0.144800669638004001E+04
    0.692700297314191495E-02   -0.896845648508116255E+03    0.999465171293183019E+00    0.151332376674694751E+04
    0.687028421714560265E-02   -0.896869204963898369E+03    0.999227930206342263E+00    0.153483193777405404E+04
    0.685890037115513551E-02   -0.896905888277892473E+03    0.100094284293348457E+01    0.147157554566795261E+04
    0.694079275779086163E-02   -0.896969626008062619E+03    0.999551871788708857E+00    0.153430774249068691E+04
    0.680496788823579252E-02   -0.896970099846101789E+03    0.100123818725630676E+01    0.143573543236653131E+04
    0.680509866760035508E-02   -0.897010138282170942E+03    0.100070781157723498E+01    0.145002114513605352E+04
    0.669258274250761082E-02   -0.897016793731221583E+03    0.100003796427188729E+01    0.148199839967874050E+04
    0.661917318084984021E-02   -0.897034734941606303E+03    0.100067186848207679E+01    0.148803562755022222E+04
    0.657586364148093384E-02   -0.897061605855123048E+03    0.100116800851603749E+01    0.143742355017654518E+04
    0.649317810221286453E-02   -0.897076298217675230E+03    0.100075717679236198E+01    0.144866045961078021E+04
    0.639854408468227154E-02   -0.897086934967050638E+03    0.100001555161223665E+01    0.151821451213101363E+04
    0.627221490958581283E-02   -0.897087053106378903E+03    0.999825092905325064E+00    0.149521534776934868E+04
    0.627444236604345756E-02   -0.897127763241814023E+03    0.100116254838138796E+01    0.145266146538799899E+04
    0.624777970724918561E-02   -0.897159246319200406E+03    0.100046078869848576E+01    0.146158860875358914E+04
    0.650484632600973299E-02   -0.897279888987024947E+03    0.100069670212182849E+01    0.145263753332788201E+04
    0.644122279162441698E-02   -0.897300230804750754E+03    0.100012046040049807E+01    0.147968165464170306E+04
    0.632356468518782862E-02   -0.897303360174851605E+03    0.100053667464500551E+01    0.149423111988971004E+04
    0.621474248274132314E-02   -0.897308642590230193E+03    0.100081832766946377E+01    0.147598593342160757E+04
    0.611593677730089356E-02   -0.897316589913115536E+03    0.100083017499382709E+01    0.144821852786296472E+04
    0.621581442610084824E-02   -0.897388987528391908E+03    0.100002005614955047E+01    0.151607271037965165E+04
    0.613032544656847821E-02   -0.897401289690280350E+03    0.999453391897566989E+00    0.153009937049307018E+04
    0.603459312169916766E-02   -0.897409810876631354E+03    0.100076986677489854E+01    0.145117247476256352E+04
    0.596657439897065479E-02   -0.897427139932013006E+03    0.999535803799404432E+00    0.151480847914579431E+04
    0.597210526841469164E-02   -0.897468993024647602E+03    0.100078426684620392E+01    0.145129556619814161E+04
    0.591490880381088328E-02   -0.897489746170670401E+03    0.100044747015759095E+01    0.149808535139240121E+04
    0.583843622850927380E-02   -0.897503719995399706E+03    0.999667588914421756E+00    0.152612694926236054E+04
    0.578723746477744980E-02   -0.897526104123466212E+03    0.100087286159616973E+01    0.146962870030594013E+04
    0.567417851928450623E-02   -0.897526645608771219E+03    0.100041892266923882E+01    0.146658133539747905E+04
    0.558455213801261393E-02   -0.897534802489925937E+03    0.999942998555727103E+00    0.149203338126428093E+04
    0.553850857424679176E-02   -0.897558244519795835E+03    0.999561429632642051E+00    0.151487758868597939E+04
    0.545872277468453706E-02   -0.897569223688298052E+03    0.100101453881765989E+01    0.145719317108356336E+04
    0.546598525320090428E-02   -0.897611882790790332E+03    0.999610117163655776E+00    0.151213383006034769E+04
    0.540561821964590482E-02   -0.897629671659140854E+03    0.100089523276069015E+01    0.146637032101104251E+04
    0.537684890827416599E-02   -0.897658999007214106E+03    0.100061108046109681E+01    0.145963246661223070E+04
    0.529454658136764220E-02   -0.897668148699448352E+03    0.100061028488573234E+01    0.148570984960603187E+04
    0.518993811401185882E-02   -0.897668237557662678E+03    0.100071498629810662E+01    0.147877207713392067E+04
    0.510059310009020831E-02   -0.897673507665822171E+03    0.999825065618114683E+00    0.152020685606910547E+04
    0.501482453774393291E-02   -0.897679590878240447E+03    0.999835937149585074E+00    0.150034220674380413E+04
    0.493758747434512590E-02   -0.897688547704401003E+03    0.100079703476336590E+01    0.147278144814034999E+04
    0.488137754953871673E-02   -0.897705648941157733E+03    0.999970703603236366E+00    0.151535775362338472E+04
    0.484654531806594322E-02   -0.897731326302785988E+03    0.100086301493309371E+01    0.146707994075457145E+04
    0.585197488888573349E-02   -0.898108485727404968E+03    0.100063380752013731E+01    0.147687244654729875E+04
    0.638954201273702563E-02   -0.898284252529815376E+03    0.100052615411844625E+01    0.147427311047993112E+04
    0.638497721163085868E-02   -0.898282823184030917E+03    0.100029677623348823E+01    0.149597208661305967E+04
    0.586743811591841895E-02   -0.898113763546695054E+03    0.100072495521885418E+01    0.146669605403422679E+04
    0.681315958714373299E-02   -0.898412639294037490E+03    0.100006807438264222E+01    0.150066926074562639E+04
    0.622667541832145916E-02   -0.898232612442457139E+03    0.100036747349319710E+01    0.147815590287857822E+04
    0.589368790026621649E-02   -0.898122691204777766E+03    0.999769087862689254E+00    0.151218505610966758E+04
    0.516189606050627015E-02   -0.897857535274340762E+03    0.999821611860206794E+00    0.150263533452330830E+04
    0.569070173959722314E-02   -0.898052594481389633E+03    0.100037393495207927E+01    0.147467286271937905E+04
    0.600468356792072371E-02   -0.898160006861921829E+03    0.100046653237254146E+01    0.147247809080185220E+04
    0.640699512737297628E-02   -0.898289708107450792E+03    0.100053096084288384E+01    0.147461833800896670E+04
    0.666543965567966117E-02   -0.898368799175766412E+03    0.999984807456955060E+00    0.150360031423477790E+04
    0.552038108157625832E-02   -0.897991821132016980E+03    0.100074958356618682E+01    0.147052669574410106E+04
    0.568650017167836048E-02   -0.898051117292835670E+03    0.100020874062433807E+01    0.148287414993421771E+04
    0.503119351009163104E-02   -0.897806241811797577E+03    0.999634486777410070E+00    0.152192556076735173E+04
    0.608699353537813306E-02   -0.898187235918117494E+03    0.100055776544741137E+01    0.146990513821427407E+04
    0.599338598111943954E-02   -0.898156240392626387E+03    0.100066415660079699E+01    0.147250798287343719E+04
    0.488715930512514073E-02   -0.897748149774150988E+03    0.100086314672712695E+01    0.145295757658204684E+04
    0.679763145514878774E-02   -0.898408075815343636E+03    0.100032693483990776E+01    0.148740474033321038E+04
    0.574323118200054539E-02   -0.898070971294455603E+03    0.999807615909894976E+00    0.151527537128296854E+04
    0.601028274025778263E-02   -0.898161870927987025E+03    0.100066713588068645E+01    0.147184475852970945E+04
    0.614976008503595548E-02   -0.898207753484158388E+03    0.100062239440702294E+01    0.147411108735958601E+04
    0.674762377247948002E-02   -0.898393308161568484E+03    0.100018240900595567E+01    0.149929271210852357E+04
    0.540476632395630457E-02   -0.897949489776861924E+03    0.999990078874091748E+00    0.151243046477228654E+04
    0.611471714773594022E-02   -0.898196324368347291E+03    0.100059221441412127E+01    0.147752936088777869E+04
    0.621318142094659173E-02   -0.898228273484913871E+03    0.999848330917956662E+00    0.151013716780300047E+04
    0.606871539321276673E-02   -0.898181221244337962E+03    0.100059804895665083E+01    0.146870582346902597E+04
    0.490424536013350440E-02   -0.897755129803241857E+03    0.100085301109956948E+01    0.145327644196071992E+04
    0.652976168236947541E-02   -0.898327668236797308E+03    0.100033922653494933E+01    0.148187266064849450E+04
    0.567527179951060872E-02   -0.898047164255984853E+03    0.100056013570731972E+01    0.148355122332008114E+04
    0.562954251773800565E-02   -0.898030983704968662E+03    0.999714763448643740E+00    0.151531823003389582E+04
    0.572219833928379676E-02   -0.898063633456384650E+03    0.100044557549279922E+01    0.147164491399042754E+04
    0.601996655792826942E-02   -0.898165090751457683E+03    0.100029437104428687E+01    0.148028648459648844E+04
    0.676615672649136333E-02   -0.898398793811015594E+03    0.100003496889061960E+01    0.150297207572636967E+04
    0.541330814389156915E-02   -0.897952648128835108E+03    0.999694312855191058E+00    0.151836561195571994E+04
    0.554216846204600658E-02   -0.897999699029803082E+03    0.100074738926304185E+01    0.146061406765055949E+04
    0.519180804526154886E-02   -0.897869091358103333E+03    0.100060175764804304E+01    0.146253841589343938E+04
    0.512806851801606879E-02   -0.897844385505323316E+03    0.100013775807988359E+01    0.148404589562754472E+04
    0.635756497034098856E-02   -0.898274218218652777E+03    0.100044323782870070E+01    0.147610517785486059E+04
    0.621890714682649028E-02   -0.898230115726063786E+03    0.100055101902277044E+01    0.147972422426429898E+04
    0.608175855681592544E-02   -0.898185515124121366E+03    0.100035449556674028E+01    0.147778869712296591E+04
    0.565334317913919644E-02   -0.898039421509744216E+03    0.100011673715591609E+01    0.148777175030497392E+04
    0.512554899508849051E-02   -0.897843402623730526E+03    0.100014448936509526E+01    0.148366281843999377E+04
    0.651546663167193538E-02   -0.898323285007596496E+03    0.100012762214294781E+01    0.149268252742036066E+04
    0.565074768306220165E-02   -0.898038503082546754E+03    0.100076234669852204E+01    0.146760147410528975E+04
    0.631672256694453330E-02   -0.898261328328108675E+03    0.999964115298155098E+00    0.150878162028340557E+04
    0.551799979446279155E-02   -0.897990958220263110E+03    0.100015960238283030E+01    0.150622695873952262E+04
    0.648705167824922043E-02   -0.898314543624433782E+03    0.100027621139851330E+01    0.149640419631653504E+04
    0.496085229665250028E-02   -0.897778082463125088E+03    0.100053517328114094E+01    0.148922580166333933E+04
    0.684261469479422423E-02   -0.898421267190990875E+03    0.100008909226215104E+01    0.150054677639248894E+04
