    0.209290630817413348E+01    0.157575178146362305E+04   -0.164244330505664758E+08   -0.391195633965034517E+01    1
    0.207044744491577148E+01    0.176472598314285278E+04   -0.162216189053286649E+08   -0.393195633965034208E+01    1
    0.203897160887718210E+01    0.193206852674484253E+04   -0.155320790652445778E+08   -0.395195633965034165E+01    1
    0.201119650602340716E+01    0.167460232973098755E+04   -0.135218696617351193E+08   -0.397195633965034300E+01    1
    0.199125942587852478E+01    0.186962091922760010E+04   -0.134040279195971061E+08   -0.399195633965034391E+01    1
    0.204551561474800092E+01    0.106120169162750244E+04   -0.129167106698233467E+08   -0.401195633965034215E+01    1
    0.197303021550178537E+01    0.181264197826385498E+04   -0.125513178464179821E+08   -0.403195633965034173E+01    1
    0.200970435738563546E+01    0.137514001131057739E+04   -0.125512609728414696E+08   -0.405195633965034396E+01    1
    0.198372507095336914E+01    0.152533000707626343E+04   -0.120926047561853528E+08   -0.407195633965034443E+01    1
    0.196477299332618727E+01    0.138825613260269165E+04   -0.111002559176122062E+08   -0.409195633965034400E+01    1
    0.193153837919235238E+01    0.137719780206680298E+04   -0.100626674961503558E+08   -0.411195633965034357E+01    1
    0.191434291005134583E+01    0.143050026893615723E+04   -0.968316071086512879E+07   -0.413195633965034226E+01    1
    0.192134206891059889E+01    0.126707112789154053E+04   -0.953446500519326329E+07   -0.415195633965034450E+01    1
    0.187899098992347735E+01    0.153864711523056030E+04   -0.891708471452941187E+07   -0.417195633965034762E+01    1
    0.186212274432182312E+01    0.175165027379989624E+04   -0.888617903528483957E+07   -0.419195633965034720E+01    1
    0.188069049119949350E+01    0.131401842832565308E+04   -0.852355062616969831E+07   -0.421195633965034677E+01    1
    0.177438638806343096E+01    0.185556501150131226E+04   -0.682880783915287629E+07   -0.423195633965034279E+01    1
    0.178486521244049090E+01    0.163382953405380249E+04   -0.672897577038641460E+07   -0.425195633965034059E+01    1
    0.175891777276992789E+01    0.129638731479644775E+04   -0.571539292058226373E+07   -0.427195633965034727E+01    1
    0.173756386041641253E+01    0.130109483003616333E+04   -0.530926973667532206E+07   -0.429195633965034329E+01    1
    0.173878535032272330E+01    0.122877454757690430E+04   -0.525688256085431576E+07   -0.431195633965034109E+01    1
    0.168644128441810626E+01    0.165049648284912109E+04   -0.475823215195106808E+07   -0.433195633965034244E+01    1
    0.163916736245155326E+01    0.190114557743072510E+04   -0.418637138908799412E+07   -0.435195633965034201E+01    1
    0.163395774364471436E+01    0.178551638126373291E+04   -0.399671870799705572E+07   -0.437195633965034336E+01    1
    0.164501182436943072E+01    0.103438246250152588E+04   -0.356720964883740107E+07   -0.439195633965034649E+01    1
    0.163864611387252812E+01    0.107558280229568481E+04   -0.350427249866558705E+07   -0.441195633965034784E+01    1
    0.163261057138443011E+01    0.103331345319747925E+04   -0.339448638810437592E+07   -0.443195633965034474E+01    1
    0.160595924854278582E+01    0.151406675577163696E+04   -0.335720708175622206E+07   -0.445195633965034343E+01    1
    0.159451533555984515E+01    0.170051956176757812E+04   -0.333217795420032367E+07   -0.447195633965034745E+01    1
    0.159441398382186894E+01    0.105359011888504028E+04   -0.291040501291948557E+07   -0.449195633965034435E+01    1
    0.157220664024353018E+01    0.143677371740341187E+04   -0.285954202643997595E+07   -0.451195633965034482E+01    1
    0.154205294847488394E+01    0.153569340705871582E+04   -0.255325456816229271E+07   -0.453195633965034705E+01    1
    0.151358426809310931E+01    0.172425079345703125E+04   -0.233088613414245937E+07   -0.455195633965034396E+01    1
    0.148333449363708514E+01    0.113935607671737671E+04   -0.177050606415641867E+07   -0.457195633965034354E+01    1
    0.144514766931533822E+01    0.159019666910171509E+04   -0.159706293303544470E+07   -0.459195633965034666E+01    1
    0.141366671919822684E+01    0.182359522581100464E+04   -0.141579967971979850E+07   -0.461195633965034801E+01    1
    0.142680904865264901E+01    0.118701207637786865E+04   -0.132132301042025280E+07   -0.463195633965034759E+01    1
    0.140689180493354815E+01    0.149218022823333740E+04   -0.126012839585112687E+07   -0.465195633965034716E+01    1
    0.140403288006782523E+01    0.127692204713821411E+04   -0.118120128461157437E+07   -0.467195633965034407E+01    1
    0.139648876190185556E+01    0.128212386369705200E+04   -0.113046945079504047E+07   -0.469195633965034364E+01    1
    0.136371425986289996E+01    0.148347127437591553E+04   -0.965289653917078860E+06   -0.471195633965034677E+01    1
    0.135264282226562504E+01    0.169007396697998047E+04   -0.943464443645037361E+06   -0.473195633965034634E+01    1
    0.137312927842140198E+01    0.104159492254257202E+04   -0.930403179455310106E+06   -0.475195633965034325E+01    1
    0.131662769913673405E+01    0.189279496669769287E+04   -0.774580141676544445E+06   -0.477195633965034460E+01    1
    0.130459822416305560E+01    0.173434072732925415E+04   -0.681993295479474589E+06   -0.479195633965034506E+01    1
    0.129337785840034503E+01    0.122466808557510376E+04   -0.550923680700346595E+06   -0.481195633965034641E+01    1
    0.127809141278266925E+01    0.148308813571929932E+04   -0.519610334551913722E+06   -0.483195633965034776E+01    1
    0.127894166707992563E+01    0.136775994300842285E+04   -0.508116040734431299E+06   -0.485195633965034734E+01    1
    0.125337631106376657E+01    0.187231725454330444E+04   -0.468381210382553283E+06   -0.487195633965034602E+01    1
    0.125652735829353346E+01    0.151910912990570068E+04   -0.437127918290161178E+06   -0.489195633965034382E+01    1
    0.122565924525260939E+01    0.168429720401763916E+04   -0.344083925587265287E+06   -0.491195633965034428E+01    1
    0.123090683221817021E+01    0.102871453762054443E+04   -0.302936343872949597E+06   -0.493195633965034563E+01    1
    0.122216842174530038E+01    0.120489531755447388E+04   -0.290043355858327181E+06   -0.495195633965034610E+01    1
    0.121456239223480233E+01    0.113710498809814453E+04   -0.263363697983587452E+06   -0.497195633965034567E+01    1
    0.119319022401150887E+01    0.164204216152793606E+04   -0.242060250561929570E+06   -0.499195633965034435E+01    1
    0.118966884016990671E+01    0.125767236948013306E+04   -0.206338603190071473E+06   -0.501195633965034304E+01    1
    0.117718669176101698E+01    0.132744675874710083E+04   -0.181161388476689754E+06   -0.503195633965034617E+01    1
    0.116103798151016235E+01    0.164798712730407715E+04   -0.163852704863005871E+06   -0.505195633965034840E+01    1
    0.115901107895954691E+01    0.171479232947968012E+04   -0.163199484824681596E+06   -0.507195633965034709E+01    1
    0.803276729583740301E+00    0.124406933784484863E+04   -0.161382055762433331E+06   -0.509195633965034755E+01    1
    0.808637833595275968E+00    0.144998389482498169E+04   -0.150611831298823410E+06   -0.511195633965034979E+01    1
    0.815087229013442993E+00    0.163848179578781128E+04   -0.138669253522679792E+06   -0.513195633965034936E+01    1
    0.115432535378070344E+01    0.140561084090126928E+04   -0.137081988245645829E+06   -0.515195633965034716E+01    1
    0.827990823984146140E+00    0.119425231218338013E+04   -0.128488486658369337E+06   -0.517195633965034318E+01    1
    0.824842442429196021E+00    0.148421385510321829E+04   -0.128138703283066236E+06   -0.519195633965034276E+01    1
    0.115455495715141310E+01    0.112255007028579712E+04   -0.124972005005075567E+06   -0.521195633965034766E+01    1
    0.825257968902587957E+00    0.199919968843460083E+04   -0.119239859673027211E+06   -0.523195633965034546E+01    1
    0.826010590791702359E+00    0.197580802440643311E+04   -0.118587834306419420E+06   -0.525195633965034858E+01    1
    0.114607976675033574E+01    0.133019924163818359E+04   -0.118416072342259868E+06   -0.527195633965034727E+01    1
    0.829293906688690186E+00    0.181906646490097046E+04   -0.116917631196308750E+06   -0.529195633965034684E+01    1
    0.847274774312973045E+00    0.139637452363967896E+04   -0.101319158739814709E+06   -0.531195633965034553E+01    1
    0.845748861783435890E+00    0.155541715431721923E+04   -0.100659935394549320E+06   -0.533195633965034510E+01    1
    0.845874446630477950E+00    0.185980004072189331E+04   -0.957086554769032373E+05   -0.535195633965034645E+01    1
    0.862057018280029341E+00    0.143643486499786377E+04   -0.835826673036333814E+05   -0.537195633965034780E+01    1
    0.112323862028201038E+01    0.121399597062295197E+04   -0.777932721318231925E+05   -0.539195633965034649E+01    1
    0.111239216923713702E+01    0.146503746509552002E+04   -0.707512602284211753E+05   -0.541195633965034428E+01    1
    0.870293727595210509E+00    0.178584223495695142E+04   -0.695724083719061164E+05   -0.543195633965034563E+01    1
    0.111468521356582650E+01    0.123218214511871338E+04   -0.668339413511342136E+05   -0.545195633965034521E+01    1
    0.109505884036453227E+01    0.177454023617345297E+04   -0.577822261796256280E+05   -0.547195633965034389E+01    1
    0.109781293869018559E+01    0.165495872497558594E+04   -0.577524242544102308E+05   -0.549195633965034791E+01    1
    0.889075624942779585E+00    0.136773413419723511E+04   -0.567423581996717912E+05   -0.551195633965034570E+01    1
    0.108554598652927403E+01    0.185378473108117964E+04   -0.488470180754481844E+05   -0.553195633965034705E+01    1
    0.892142289876937888E+00    0.178072279691696167E+04   -0.484273683796230325E+05   -0.555195633965034929E+01    1
    0.890896645900980610E+00    0.194996282482691345E+04   -0.472660926266818497E+05   -0.557195633965034887E+01    1
    0.109293743968009949E+01    0.142588150501251221E+04   -0.462047133472523201E+05   -0.559195633965034755E+01    1
    0.897342029284217579E+00    0.166158847632151969E+04   -0.453869155366290943E+05   -0.561195633965034801E+01    1
    0.109973417765149106E+01    0.103853325315612096E+04   -0.448770924635173506E+05   -0.563195633965034670E+01    1
    0.906227145495111630E+00    0.126852512387049910E+04   -0.427330889818162832E+05   -0.565195633965034716E+01    1
    0.109269909262657183E+01    0.124446356296539307E+04   -0.419071092034491885E+05   -0.567195633965034851E+01    1
    0.109612453888180106E+01    0.103145238674914663E+04   -0.410953227807226795E+05   -0.569195633965034720E+01    1
    0.903819233588316728E+00    0.174464358505468454E+04   -0.388853078645774222E+05   -0.571195633965034943E+01    1
    0.906987744802921103E+00    0.167003924451845569E+04   -0.372621884516847786E+05   -0.573195633965034812E+01    1
    0.912521882426438058E+00    0.131378885825231259E+04   -0.371238313128609298E+05   -0.575195633965034769E+01    1
    0.913270490746294406E+00    0.133656812146649327E+04   -0.362623073092138293E+05   -0.577195633965034816E+01    1
    0.108538459141560129E+01    0.129598099391587311E+04   -0.358171605763591870E+05   -0.579195633965034773E+01    1
    0.916215884685516402E+00    0.117949521541595459E+04   -0.357487877599560088E+05   -0.581195633965034908E+01    1
    0.108304768788996730E+01    0.138247440427085189E+04   -0.353838338822428923E+05   -0.583195633965034954E+01    1
    0.915462255477905273E+00    0.131260859966278076E+04   -0.348634632146807489E+05   -0.585195633965034823E+01    1
    0.107355089783668523E+01    0.169853132963180542E+04   -0.330320502208492690E+05   -0.587195633965034691E+01    1
    0.108679560965831357E+01    0.104352175238154041E+04   -0.326440042737192634E+05   -0.589195633965034649E+01    1
    0.914301672842538715E+00    0.159588057662668643E+04   -0.325385302062034389E+05   -0.591195633965034695E+01    1
    0.916447643350721597E+00    0.150749242098771128E+04   -0.319298994670784632E+05   -0.593195633965034741E+01    1
    0.108022089600563054E+01    0.132285988330841064E+04   -0.317387668549677110E+05   -0.595195633965034698E+01    1
    0.106853052552733252E+01    0.183780163738172860E+04   -0.314258242000096470E+05   -0.597195633965034833E+01    1
    0.917350590229034424E+00    0.153699910640716553E+04   -0.309085418774907121E+05   -0.599195633965034702E+01    1
    0.108336241245269793E+01    0.108048170804977417E+04   -0.302730709558834751E+05   -0.601195633965034926E+01    1
    0.928062324692296547E+00    0.114073801713090734E+04   -0.275309902972871823E+05   -0.603195633965035061E+01    1
    0.924720765363701735E+00    0.148519642107551454E+04   -0.263059281059957793E+05   -0.605195633965034840E+01    1
    0.926649766764158889E+00    0.151064703860883651E+04   -0.247495188486379047E+05   -0.607195633965034798E+01    1
    0.932080309095654647E+00    0.129040199568999469E+04   -0.234472570860758206E+05   -0.609195633965034844E+01    1
    0.925436955690383978E+00    0.175849527120590210E+04   -0.229536847282939270E+05   -0.611195633965034713E+01    1
    0.106858675479888920E+01    0.131807893514633179E+04   -0.223885347309079625E+05   -0.613195633965034759E+01    1
    0.105539088249206547E+01    0.183757543563842773E+04   -0.209219107608798186E+05   -0.615195633965034894E+01    1
    0.105476022544523662E+01    0.185218192025534154E+04   -0.207041334904346841E+05   -0.617195633965035029E+01    1
    0.937436753511428855E+00    0.131794017553329468E+04   -0.198689311075956430E+05   -0.619195633965035164E+01    1
    0.106163909719961769E+01    0.147312433374799457E+04   -0.197683378278274649E+05   -0.621195633965035210E+01    1
    0.105900586435588973E+01    0.159504799069387445E+04   -0.196890135440295853E+05   -0.623195633965034990E+01    1
    0.106615228524503136E+01    0.122667436397002871E+04   -0.194278995595551678E+05   -0.625195633965034769E+01    1
    0.105399139326757840E+01    0.179386951219120510E+04   -0.192152535361345617E+05   -0.627195633965034904E+01    1
    0.105560085627283784E+01    0.167452742828871487E+04   -0.185925146606395210E+05   -0.629195633965034951E+01    1
    0.929054472964933264E+00    0.199273634033862982E+04   -0.184358905251067445E+05   -0.631195633965034819E+01    1
    0.105360051656315168E+01    0.168381257119865813E+04   -0.173988897395826898E+05   -0.633195633965034865E+01    1
    0.932304346308993948E+00    0.198910465975161605E+04   -0.165978227637599230E+05   -0.635195633965034823E+01    1
    0.945362144480670907E+00    0.121521596004231765E+04   -0.162747264768946916E+05   -0.637195633965034602E+01    1
    0.105385378508900218E+01    0.154363351076375670E+04   -0.157077334875356064E+05   -0.639195633965035004E+01    1
    0.106009636609399638E+01    0.118874712128906344E+04   -0.151370404593130643E+05   -0.641195633965034961E+01    1
    0.947710506025536636E+00    0.129961233763740279E+04   -0.143693682578890694E+05   -0.643195633965034830E+01    1
    0.949584883805763003E+00    0.130820752891925827E+04   -0.133423815571855903E+05   -0.645195633965035142E+01    1
    0.954216568706403034E+00    0.102011772552393484E+04   -0.132002041931515487E+05   -0.647195633965035011E+01    1
    0.104490724624419440E+01    0.172757554138925093E+04   -0.127787767493258216E+05   -0.649195633965035057E+01    1
    0.953023094789013814E+00    0.125567009946000258E+04   -0.120660828031456185E+05   -0.651195633965035370E+01    1
    0.105627081394195566E+01    0.108129656314849854E+04   -0.119433122082866485E+05   -0.653195633965035416E+01    1
    0.105585770191596051E+01    0.110368155352735289E+04   -0.119247204385625209E+05   -0.655195633965035018E+01    1
    0.105437568156674910E+01    0.115575025404119765E+04   -0.116691163214659573E+05   -0.657195633965035064E+01    1
    0.104998519463643891E+01    0.131145349472122712E+04   -0.109256158271604745E+05   -0.659195633965035022E+01    1
    0.952010409375896427E+00    0.157301231065927186E+04   -0.101571069201033260E+05   -0.661195633965034890E+01    1
    0.105192756652832031E+01    0.111461293697357178E+04   -0.100786852809486154E+05   -0.663195633965035203E+01    1
    0.957742026831374882E+00    0.137595326888115324E+04   -0.910483156303982105E+04   -0.665195633965034894E+01    1
    0.960073085758073486E+00    0.127607228373841008E+04   -0.881772602323776300E+04   -0.667195633965034851E+01    1
    0.104744742306848138E+01    0.113467475187081573E+04   -0.821646216870877834E+04   -0.669195633965035075E+01    1
    0.104520108442679849E+01    0.125657201953980666E+04   -0.821254527013720690E+04   -0.671195633965034943E+01    1
    0.104348437472242384E+01    0.134060431385207676E+04   -0.816856997284533827E+04   -0.673195633965034901E+01    1
    0.103669745326042184E+01    0.159612780809402466E+04   -0.742060648511916406E+04   -0.675195633965034947E+01    1
    0.102937902838147521E+01    0.190616433001039172E+04   -0.709188190039550227E+04   -0.677195633965034993E+01    1
    0.103012359636451412E+01    0.185515712385563961E+04   -0.697996148740305125E+04   -0.679195633965034951E+01    1
    0.962975877635310451E+00    0.139087471384386004E+04   -0.695395189602509890E+04   -0.681195633965035174E+01    1
    0.104122662237034636E+01    0.128969336695680590E+04   -0.680567971154984480E+04   -0.683195633965035309E+01    1
    0.959005571545110902E+00    0.167025815322444987E+04   -0.665162399664972600E+04   -0.685195633965035089E+01    1
    0.104352456042889452E+01    0.109635744236992036E+04   -0.633658790681624578E+04   -0.687195633965034780E+01    1
    0.961321669816970870E+00    0.164123213291168213E+04   -0.599633038111051974E+04   -0.689195633965035004E+01    1
    0.104342443284803355E+01    0.100842570478858238E+04   -0.576298252716102252E+04   -0.691195633965035228E+01    1
    0.103784218692030006E+01    0.126687680848826858E+04   -0.539089744021059232E+04   -0.693195633965035185E+01    1
    0.966371310671845229E+00    0.147197825603554725E+04   -0.527334090760266918E+04   -0.695195633965035054E+01    1
    0.103649714408762073E+01    0.131092607366033440E+04   -0.520122520834796615E+04   -0.697195633965035100E+01    1
    0.970820373296737760E+00    0.134417349100112915E+04   -0.455089616817954084E+04   -0.699195633965035235E+01    1
    0.102149257564884310E+01    0.193295526778951080E+04   -0.439989900721403774E+04   -0.701195633965035281E+01    1
    0.102168539115814605E+01    0.179003390963888614E+04   -0.350488680159195883E+04   -0.703195633965034972E+01    1
    0.102933132052421583E+01    0.135677087306976318E+04   -0.323334962487381290E+04   -0.705195633965034840E+01    1
    0.102883700675035850E+01    0.137901487263160243E+04   -0.320588790110128321E+04   -0.707195633965035153E+01    1
    0.102463513347019575E+01    0.158163635656566476E+04   -0.313452099301226326E+04   -0.709195633965035288E+01    1
    0.970384113602297593E+00    0.166934169952918455E+04   -0.307708981299919515E+04   -0.711195633965035245E+01    1
    0.973934448583744228E+00    0.147546766431229116E+04   -0.303650875957537983E+04   -0.713195633965035203E+01    1
    0.975096672773361206E+00    0.141809755563735962E+04   -0.299501627824264096E+04   -0.715195633965034983E+01    1
    0.103170679301427559E+01    0.110060218635289903E+04   -0.263744931325604648E+04   -0.717195633965034851E+01    1
    0.102300922192191113E+01    0.153064184714383009E+04   -0.244901401651574679E+04   -0.719195633965035075E+01    1
    0.973598946071439375E+00    0.176912511784269509E+04   -0.189681082563535483E+04   -0.721195633965035299E+01    1
    0.101165841633890641E+01    0.194007407630138096E+04   -0.175838740598178219E+04   -0.723195633965035256E+01    1
    0.983586001970039869E+00    0.131684384980793811E+04   -0.148681525246785054E+04   -0.725195633965035302E+01    1
    0.972649973630905218E+00    0.197720724344253540E+04   -0.136991963880516209E+04   -0.727195633965035437E+01    1
    0.987374924278720756E+00    0.113157276294647613E+04   -0.136987357703566636E+04   -0.729195633965035395E+01    1
    0.982682732923717661E+00    0.146914803140793947E+04   -0.115301125524746089E+04   -0.731195633965035352E+01    1
    0.980731230176534519E+00    0.159287140492722119E+04   -0.111949415134019978E+04   -0.733195633965035043E+01    1
    0.986137937782609164E+00    0.139944631118095322E+04   -0.796320004710509238E+03   -0.735195633965034823E+01    1
    0.984193982113514609E+00    0.155893968664591853E+04   -0.648198148623005409E+03   -0.737195633965034958E+01    1
    0.991486163930299647E+00    0.120163152092553946E+04   -0.528471637084991471E+03   -0.739195633965035004E+01    1
    0.993912073425895715E+00    0.107441732369407941E+04   -0.491733445856664559E+03   -0.741195633965035050E+01    1
    0.991673240387945909E+00    0.121308216444970572E+04   -0.471478421022647183E+03   -0.743195633965035007E+01    1
    0.101361989225089300E+01    0.149044081187074562E+04   -0.470658541132229914E+03   -0.745195633965035054E+01    1
    0.984288642899268984E+00    0.162709493823452453E+04   -0.464281197270063728E+03   -0.747195633965035100E+01    1
    0.101804948735836320E+01    0.123648800956917671E+04   -0.453440374588713723E+03   -0.749195633965035235E+01    1
    0.986725467443466231E+00    0.150737935304641724E+04   -0.428315133393973213E+03   -0.751195633965035281E+01    1
    0.988202661275863647E+00    0.148746198415756226E+04   -0.286548962989669064E+03   -0.753195633965035150E+01    1
    0.986862704151302950E+00    0.156764231549497185E+04   -0.272165598852174583E+03   -0.755195633965035285E+01    1
    0.980959899845362249E+00    0.192893622419981421E+04   -0.232663537760400857E+03   -0.757195633965035242E+01    1
    0.984030268701491351E+00    0.176280523741263801E+04   -0.201394741000367333E+03   -0.759195633965035110E+01    1
    0.985309125676561370E+00    0.169365047750206668E+04   -0.197007113111772071E+03   -0.761195633965035423E+01    1
    0.991215424303830250E+00    0.136472057951301849E+04   -0.191901035720126572E+03   -0.763195633965035558E+01    1
    0.995815197218701376E+00    0.111784992605143589E+04   -0.175608018218978884E+03   -0.765195633965035427E+01    1
    0.984394317477498948E+00    0.176122097770095456E+04   -0.163751802608384935E+03   -0.767195633965035118E+01    1
    0.988164956698780017E+00    0.157292105755338889E+04   -0.115239664594864450E+03   -0.769195633965035253E+01    1
    0.100824072487729421E+01    0.160231461416325806E+04   -0.751599631370281145E+02   -0.771195633965035210E+01    1
    0.995109524742581852E+00    0.121755327757497889E+04   -0.653375183320815154E+02   -0.773195633965035167E+01    1
    0.101827569007873531E+01    0.100519776344299316E+04   -0.606229875216241112E+02   -0.775195633965035391E+01    1
    0.100356064449832250E+01    0.181095037532029255E+04   -0.397097063242666195E+02   -0.777195633965035348E+01    1
    0.984499283874434528E+00    0.182675756057563558E+04   -0.387434413520176122E+02   -0.779195633965035306E+01    1
    0.101452251198951982E+01    0.123162772690911902E+04   -0.342595691959760984E+02   -0.781195633965035174E+01    1
    0.101533550619520829E+01    0.117113284975831084E+04   -0.174592531798162440E+02   -0.783195633965035132E+01    1
    0.998099516555545074E+00    0.109855090188689223E+04    0.949670193381660965E+01   -0.785195633965035533E+01    1
    0.100400559179478410E+01    0.174231902806086191E+04    0.492476676527010682E+02   -0.787195633965035579E+01    1
    0.100016949820543433E+01    0.191727874488883435E+04    0.563527463564821005E+02   -0.789195633965035537E+01    1
    0.990993855360145948E+00    0.152156564232053142E+04    0.701262283032991149E+02   -0.791195633965035583E+01    1
    0.996317901115492566E+00    0.124589832220625885E+04    0.923407227310208896E+02   -0.793195633965035185E+01    1
    0.999805078754187004E+00    0.107111623342814528E+04    0.113356269696751383E+03   -0.795195633965035142E+01    1
    0.984846043586731001E+00    0.192360097169876099E+04    0.124998971290630493E+03   -0.797195633965035189E+01    1
    0.986912186793187152E+00    0.179925340069888443E+04    0.127042282614606734E+03   -0.799195633965035235E+01    1
    0.100961313843727107E+01    0.140055948495864868E+04    0.147531477305742783E+03   -0.801195633965035192E+01    1
    0.100513712723868087E+01    0.161436071005532040E+04    0.177015820504547889E+03   -0.803195633965034972E+01    1
    0.101053918001084253E+01    0.131208611302196823E+04    0.190598214716614962E+03   -0.805195633965035107E+01    1
    0.986346856588926291E+00    0.189255866088190169E+04    0.195394162333174819E+03   -0.807195633965035420E+01    1
    0.992638689508178462E+00    0.152028248131121973E+04    0.198130337512868095E+03   -0.809195633965035555E+01    1
    0.100052901486448986E+01    0.110135756618540199E+04    0.199303752778552706E+03   -0.811195633965035512E+01    1
    0.991804029202707715E+00    0.156810404101542326E+04    0.199545158926080603E+03   -0.813195633965035292E+01    1
    0.100135191965446180E+01    0.107436346704983134E+04    0.222326900312989579E+03   -0.815195633965035249E+01    1
    0.101209807075946556E+01    0.116172687071315727E+04    0.243407132720074742E+03   -0.817195633965035206E+01    1
    0.101154093761209074E+01    0.119731319193728154E+04    0.247138181848155483E+03   -0.819195633965035341E+01    1
    0.992954620913103603E+00    0.157506585741366075E+04    0.280930519106327779E+03   -0.821195633965035476E+01    1
    0.101007795349714713E+01    0.124968545234883391E+04    0.282789622626828816E+03   -0.823195633965035434E+01    1
    0.100267036801514764E+01    0.106902169556196236E+04    0.288917951236926910E+03   -0.825195633965035569E+01    1
    0.998783426874096825E+00    0.128973532448511060E+04    0.307561105141957967E+03   -0.827195633965035348E+01    1
    0.100540108985581056E+01    0.149282279089068516E+04    0.312300715775888534E+03   -0.829195633965035483E+01    1
    0.101077000952383611E+01    0.116265267451467344E+04    0.313746772992893341E+03   -0.831195633965035618E+01    1
    0.100625430046366882E+01    0.143967483335649308E+04    0.316022815545593744E+03   -0.833195633965035576E+01    1
    0.100397111615613555E+01    0.103579425058640072E+04    0.318750008793937013E+03   -0.835195633965035533E+01    1
    0.988455279741004000E+00    0.190629532975284246E+04    0.318983740122845120E+03   -0.837195633965035313E+01    1
    0.995162773877660722E+00    0.149319659534338280E+04    0.319852267963310624E+03   -0.839195633965035270E+01    1
    0.996854656827446006E+00    0.188123179126565128E+04    0.321506288307758496E+03   -0.841195633965035228E+01    1
    0.996538237740624000E+00    0.189541528402116546E+04    0.322839399851815017E+03   -0.843195633965035363E+01    1
    0.996926783949075301E+00    0.140337847631722252E+04    0.323695676531307527E+03   -0.845195633965035320E+01    1
    0.100937668494348265E+01    0.124168802727900311E+04    0.324921791824037143E+03   -0.847195633965035455E+01    1
    0.100329419039076928E+01    0.158119472976474822E+04    0.332114662576437354E+03   -0.849195633965035412E+01    1
    0.992864410769994210E+00    0.164499966327783272E+04    0.340245193657547134E+03   -0.851195633965035547E+01    1
    0.100181793392059149E+01    0.162877618328594508E+04    0.353546942587828710E+03   -0.853195633965035505E+01    1
    0.998395121295724941E+00    0.135782171870650245E+04    0.353943262161851521E+03   -0.855195633965035285E+01    1
    0.101021652569420173E+01    0.113008541728397950E+04    0.354473083679479714E+03   -0.857195633965035242E+01    1
    0.995522202484885876E+00    0.190074855848957463E+04    0.355844130101214375E+03   -0.859195633965035377E+01    1
    0.992831377025463313E+00    0.198853696390349501E+04    0.358386588775758980E+03   -0.861195633965035512E+01    1
    0.995410605668066495E+00    0.152687223731714721E+04    0.361809363965651414E+03   -0.863195633965035647E+01    1
    0.990330436186660723E+00    0.185195912545452097E+04    0.362385027634723599E+03   -0.865195633965035782E+01    1
    0.998507122638197964E+00    0.136954596857171191E+04    0.367369684631010159E+03   -0.867195633965035384E+01    1
    0.991464711417560540E+00    0.178300098700391572E+04    0.369372960149779203E+03   -0.869195633965035341E+01    1
    0.989940414848514805E+00    0.191534612565625025E+04    0.370620234149942632E+03   -0.871195633965035476E+01    1
    0.994753495944743937E+00    0.157848684186441096E+04    0.371120986487451773E+03   -0.873195633965035611E+01    1
    0.990381561491460172E+00    0.187456250640447229E+04    0.371676830929940138E+03   -0.875195633965035569E+01    1
    0.100279381118993527E+01    0.155914999116729041E+04    0.371912608601031536E+03   -0.877195633965035526E+01    1
    0.997599964498048442E+00    0.179136145394620212E+04    0.377627377492065534E+03   -0.879195633965035483E+01    1
    0.991446886729353105E+00    0.181737445338385282E+04    0.382838900212068779E+03   -0.881195633965035441E+01    1
    0.100650662970700577E+01    0.102269828508769081E+04    0.384589440438961901E+03   -0.883195633965035398E+01    1
    0.999831714180698494E+00    0.168429275461162115E+04    0.385146501989562523E+03   -0.885195633965035533E+01    1
    0.100534964155203599E+01    0.107488839857391190E+04    0.386338140967507400E+03   -0.887195633965035491E+01    1
    0.994964549538611687E+00    0.186848203809528150E+04    0.389302158822237743E+03   -0.889195633965035626E+01    1
    0.100618358869918922E+01    0.105079780839442196E+04    0.391723373711593013E+03   -0.891195633965035761E+01    1
    0.996402372192464081E+00    0.151671263912386689E+04    0.392027067174811691E+03   -0.893195633965035896E+01    1
    0.100590395950170319E+01    0.135360546985969359E+04    0.393495482177109125E+03   -0.895195633965035675E+01    1
    0.100771773498102468E+01    0.100927530363387939E+04    0.394821824414742196E+03   -0.897195633965035633E+01    1
    0.100257104425998977E+01    0.121320878921243911E+04    0.394991434372705157E+03   -0.899195633965035590E+01    1
    0.100872822057001588E+01    0.113294670464975752E+04    0.396127076804684236E+03   -0.901195633965035547E+01    1
    0.100584046698604057E+01    0.135013459514782789E+04    0.397205767445706442E+03   -0.903195633965035682E+01    1
    0.995418238218873541E+00    0.183820055890841968E+04    0.397647950579178996E+03   -0.905195633965035817E+01    1
    0.999130667183233512E+00    0.139078121640928998E+04    0.401959299207700099E+03   -0.907195633965035952E+01    1
    0.100301585306677477E+01    0.120923996661136312E+04    0.403335714351261231E+03   -0.909195633965035555E+01    1
    0.100823802352918501E+01    0.103840432049621108E+04    0.404071896520609869E+03   -0.911195633965035512E+01    1
    0.998629441247470773E+00    0.170770483149125312E+04    0.405090359208161601E+03   -0.913195633965035647E+01    1
    0.993849973567267342E+00    0.170136934519077454E+04    0.405710394317620228E+03   -0.915195633965035960E+01    1
    0.994429707674071683E+00    0.184758779673668892E+04    0.407179165878149718E+03   -0.917195633965036095E+01    1
    0.996025610840357345E+00    0.156662201684966749E+04    0.407797311737243149E+03   -0.919195633965036052E+01    1
    0.100744877012988132E+01    0.106935645557973612E+04    0.408844740671919453E+03   -0.921195633965035832E+01    1
    0.100695173855314501E+01    0.107971388597120267E+04    0.409121920695641734E+03   -0.923195633965035434E+01    1
    0.100779621649734352E+01    0.113833540146359132E+04    0.411481861098807826E+03   -0.925195633965035391E+01    1
    0.993086833089273258E+00    0.184226797350917741E+04    0.411917264019954132E+03   -0.927195633965035526E+01    1
    0.100295042395591749E+01    0.148846203088760376E+04    0.413311502782114417E+03   -0.929195633965035661E+01    1
    0.100505486407269506E+01    0.114879359163621211E+04    0.413975684307261474E+03   -0.931195633965035974E+01    1
    0.995057576629662210E+00    0.164069284304265989E+04    0.414219517292450632E+03   -0.933195633965035576E+01    1
    0.997337686279064939E+00    0.173875038275566749E+04    0.414376296703055289E+03   -0.935195633965035533E+01    1
    0.993994839147906539E+00    0.172121067618355346E+04    0.415220555846807201E+03   -0.937195633965035491E+01    1
    0.100341020524280755E+01    0.145034453490510941E+04    0.418207621150094383E+03   -0.939195633965035448E+01    1
    0.999909887819018239E+00    0.138157995456405706E+04    0.418411543466482385E+03   -0.941195633965035405E+01    1
    0.100262180062340667E+01    0.125545188978863234E+04    0.418422997859607335E+03   -0.943195633965035363E+01    1
    0.100338070855745931E+01    0.122600228320457086E+04    0.419119827398036477E+03   -0.945195633965035498E+01    1
    0.100159049246896581E+01    0.154478629434455115E+04    0.419251369931517729E+03   -0.947195633965035810E+01    1
    0.100196837109427306E+01    0.128927464840162338E+04    0.419428661175337311E+03   -0.949195633965035945E+01    1
    0.100680336665468073E+01    0.114163943010028242E+04    0.419894854650881655E+03   -0.951195633965035725E+01    1
    0.994888883591086515E+00    0.167822976977294229E+04    0.421971748998187081E+03   -0.953195633965035860E+01    1
    0.999970773608249375E+00    0.138785388906432513E+04    0.422361224473606626E+03   -0.955195633965035817E+01    1
    0.100210946721383687E+01    0.129540954901385726E+04    0.424166036492567684E+03   -0.957195633965035775E+01    1
    0.999639386059950730E+00    0.140802888214029554E+04    0.424191642842538613E+03   -0.959195633965035732E+01    1
    0.100279109210377748E+01    0.126310860749751873E+04    0.424223927861627203E+03   -0.961195633965035867E+01    1
    0.100627454040751729E+01    0.121514771319945203E+04    0.424572998425218714E+03   -0.963195633965035825E+01    1
    0.100576659391190359E+01    0.127156140113689298E+04    0.424822554222764325E+03   -0.965195633965035960E+01    1
    0.998884616801972602E+00    0.165593866795595841E+04    0.425048926535721876E+03   -0.967195633965035739E+01    1
    0.100486503587908382E+01    0.119791446835884835E+04    0.425173811177575942E+03   -0.969195633965035697E+01    1
    0.100283905427066777E+01    0.126387072274760885E+04    0.425216302519235171E+03   -0.971195633965035654E+01    1
    0.998672994633166944E+00    0.145818347019863722E+04    0.425767538148738083E+03   -0.973195633965035789E+01    1
    0.997569527821179025E+00    0.170731732091749927E+04    0.426392787299266899E+03   -0.975195633965035746E+01    1
    0.100398158138535787E+01    0.139793875864565848E+04    0.426512006076393789E+03   -0.977195633965035526E+01    1
    0.100302023147451269E+01    0.126361588705933218E+04    0.427668610197080625E+03   -0.979195633965035661E+01    1
    0.996313944314541233E+00    0.173863542786146058E+04    0.428065902054148410E+03   -0.981195633965035796E+01    1
    0.100555216376612089E+01    0.126843075336570655E+04    0.428351172676296699E+03   -0.983195633965035753E+01    1
    0.994842895493431634E+00    0.172730355342973007E+04    0.428430188339320580E+03   -0.985195633965035888E+01    1
    0.994986675115949293E+00    0.170526357858406527E+04    0.428550561596042087E+03   -0.987195633965036023E+01    1
    0.994995468461759347E+00    0.171298474755569032E+04    0.429307593699391703E+03   -0.989195633965035981E+01    1
    0.100471020293017688E+01    0.133316560281519946E+04    0.429815666766053312E+03   -0.991195633965035761E+01    1
    0.100551285265831503E+01    0.125244367986879161E+04    0.430312731096374876E+03   -0.993195633965035718E+01    1
    0.996429169299153705E+00    0.160665731275000076E+04    0.431260984416625092E+03   -0.995195633965035853E+01    1
    0.100409405348264880E+01    0.123861432656256147E+04    0.431394392143666153E+03   -0.997195633965035810E+01    1
    0.100278098013940609E+01    0.128982122240833178E+04    0.432098425862249258E+03   -0.999195633965035945E+01    1
    0.995904274492699138E+00    0.173077434932743608E+04    0.432110862039302731E+03   -0.100119563396503626E+02    1
    0.100305699782647473E+01    0.128223672173827640E+04    0.433170973625187344E+03   -0.100319563396503622E+02    1
    0.100027295649075554E+01    0.140207026832585530E+04    0.433309943009420692E+03   -0.100519563396503600E+02    1
    0.996310863370099220E+00    0.162248479434648038E+04    0.433322163534174535E+03   -0.100719563396503577E+02    1
    0.100484049563531763E+01    0.123798292104246320E+04    0.433537009001056049E+03   -0.100919563396503591E+02    1
    0.998591779628828169E+00    0.148549455140658551E+04    0.433600131815121358E+03   -0.101119563396503640E+02    1
    0.100222437699361899E+01    0.131603078402697588E+04    0.434141254865627047E+03   -0.101319563396503618E+02    1
    0.100092150649126177E+01    0.137157764752635148E+04    0.434234723948184978E+03   -0.101519563396503578E+02    1
    0.100476168843808189E+01    0.124619806937022486E+04    0.434429393412800152E+03   -0.101719563396503592E+02    1
    0.100373685656835776E+01    0.126489805103854405E+04    0.434757887404089445E+03   -0.101919563396503605E+02    1
    0.996337623281017493E+00    0.162819275576077325E+04    0.434821549726143701E+03   -0.102119563396503601E+02    1
    0.100485404205317219E+01    0.126877799123481464E+04    0.434961738884969407E+03   -0.102319563396503597E+02    1
    0.996185173463254081E+00    0.164130187075734557E+04    0.434971403101321812E+03   -0.102519563396503592E+02    1
    0.100463089088804836E+01    0.130519833572036578E+04    0.435052270484385247E+03   -0.102719563396503624E+02    1
    0.100127993719231978E+01    0.135768376727904183E+04    0.435210068211574765E+03   -0.102919563396503619E+02    1
    0.100262782413385421E+01    0.130674061282482944E+04    0.435359772139081031E+03   -0.103119563396503597E+02    1
    0.100462245526793481E+01    0.125528389552826798E+04    0.435377836728875764E+03   -0.103319563396503593E+02    1
    0.100425257373017840E+01    0.133876596896462934E+04    0.435403060696186856E+03   -0.103519563396503589E+02    1
    0.100236482018414441E+01    0.146221799016209479E+04    0.435654712156930430E+03   -0.103719563396503585E+02    1
    0.100333830251080935E+01    0.128363306005724098E+04    0.435774858264091165E+03   -0.103919563396503580E+02    1
    0.995863589432862906E+00    0.168373713206486286E+04    0.435805361354505294E+03   -0.104119563396503576E+02    1
    0.100188333160673193E+01    0.149057260575717191E+04    0.435833254606086200E+03   -0.104319563396503590E+02    1
    0.100385897231932741E+01    0.136595900403805354E+04    0.436045853562363163E+03   -0.104519563396503603E+02    1
    0.996349210479495651E+00    0.163709886087643918E+04    0.436350730586126247E+03   -0.104719563396503599E+02    1
    0.100451296602103390E+01    0.129695626067721855E+04    0.436426354210626528E+03   -0.104919563396503612E+02    1
    0.999302523298532086E+00    0.161192584011462577E+04    0.436462647382192188E+03   -0.105119563396503608E+02    1
    0.996849327595908052E+00    0.169953809586696889E+04    0.436511680775632271E+03   -0.105319563396503586E+02    1
    0.100193185353780878E+01    0.133443872047474224E+04    0.436552864640064456E+03   -0.105519563396503617E+02    1
    0.100445665194192979E+01    0.130521261751135467E+04    0.436629251985102258E+03   -0.105719563396503577E+02    1
    0.997479827842841171E+00    0.167468901633081759E+04    0.437011177086735472E+03   -0.105919563396503609E+02    1
    0.100324993638168181E+01    0.129565498934207221E+04    0.437250089856698594E+03   -0.106119563396503622E+02    1
    0.997018395884642361E+00    0.168829057611125609E+04    0.437313106262743815E+03   -0.106319563396503600E+02    1
    0.997940997623583570E+00    0.153358305206995192E+04    0.437470983275184324E+03   -0.106519563396503596E+02    1
    0.999589255953305722E+00    0.159964307107789546E+04    0.437611318030638074E+03   -0.106719563396503592E+02    1
    0.997001062855983999E+00    0.168678419190328987E+04    0.437622943205328738E+03   -0.106919563396503587E+02    1
    0.100421035592785080E+01    0.128409429885257327E+04    0.437844183756001314E+03   -0.107119563396503583E+02    1
    0.996343531176632657E+00    0.169622709353333812E+04    0.437870465480618748E+03   -0.107319563396503597E+02    1
    0.100180648464071309E+01    0.134433506538525648E+04    0.437919944184812721E+03   -0.107519563396503610E+02    1
    0.999314200605317726E+00    0.160728471356272689E+04    0.438112220220077404E+03   -0.107719563396503588E+02    1
    0.996288467176977499E+00    0.166937725848968830E+04    0.438211122292112066E+03   -0.107919563396503584E+02    1
    0.100398808006663609E+01    0.134051369595644837E+04    0.438218501640710997E+03   -0.108119563396503615E+02    1
    0.100387355089366226E+01    0.134827671009162600E+04    0.438516590593531646E+03   -0.108319563396503646E+02    1
    0.100138364634922561E+01    0.150774604170470343E+04    0.438535976783811066E+03   -0.108519563396503624E+02    1
    0.100358898416456377E+01    0.130225583317792143E+04    0.439454626834528597E+03   -0.108719563396503620E+02    1
    0.100065795496325149E+01    0.153799521492509848E+04    0.439556903642684347E+03   -0.108919563396503634E+02    1
    0.100030114944845305E+01    0.141787965988848532E+04    0.439627919939898788E+03   -0.109119563396503629E+02    1
    0.998250494103637642E+00    0.152523194647666196E+04    0.439802456636737077E+03   -0.109319563396503607E+02    1
    0.100396625467643830E+01    0.131630841591932904E+04    0.439815229268728785E+03   -0.109519563396503621E+02    1
    0.100320916548811678E+01    0.130904817243246657E+04    0.439860103663257064E+03   -0.109719563396503617E+02    1
    0.100351154051737623E+01    0.130636402056846487E+04    0.440069453755300003E+03   -0.109919563396503612E+02    1
    0.996690574641838856E+00    0.166186862849773615E+04    0.440111187725635830E+03   -0.110119563396503608E+02    1
    0.996762721140014962E+00    0.166615761073022804E+04    0.440112794550465992E+03   -0.110319563396503604E+02    1
    0.100358034667782703E+01    0.130740341438584392E+04    0.440264491402821079E+03   -0.110519563396503617E+02    1
    0.100347751555820408E+01    0.136607743556506239E+04    0.440479604296328773E+03   -0.110719563396503613E+02    1
    0.100360853902294234E+01    0.130918841577610624E+04    0.440485602054567721E+03   -0.110919563396503609E+02    1
    0.100250818465555480E+01    0.143403108249410411E+04    0.440514346639789949E+03   -0.111119563396503622E+02    1
    0.100299659061525182E+01    0.140303399457667592E+04    0.440692006587072967E+03   -0.111319563396503654E+02    1
    0.100139435723607129E+01    0.150044556984257861E+04    0.440729204480989097E+03   -0.111519563396503649E+02    1
    0.999659401657122748E+00    0.158166115746141486E+04    0.440849411274661179E+03   -0.111719563396503645E+02    1
    0.100370403787432827E+01    0.133794758992557081E+04    0.440892568858267168E+03   -0.111919563396503658E+02    1
    0.996958663204390194E+00    0.164864783624113716E+04    0.441369748057857407E+03   -0.112119563396503654E+02    1
    0.999872920003014087E+00    0.144402241785282285E+04    0.441440771498364313E+03   -0.112319563396503614E+02    1
    0.997846418818808756E+00    0.155894514638339751E+04    0.441573413485277683E+03   -0.112519563396503610E+02    1
    0.999518006079147647E+00    0.146531500272790709E+04    0.442116278688279749E+03   -0.112719563396503606E+02    1
    0.997913062546805785E+00    0.155796852275915217E+04    0.442150852691604541E+03   -0.112919563396503602E+02    1
    0.100196876044732486E+01    0.135773840609394983E+04    0.442350415495890729E+03   -0.113119563396503633E+02    1
    0.998414988568737893E+00    0.162142395808649007E+04    0.442354201093913503E+03   -0.113319563396503629E+02    1
    0.997771668669791056E+00    0.163623559490473190E+04    0.442561667268186454E+03   -0.113519563396503624E+02    1
    0.999341901493046247E+00    0.158931088001423063E+04    0.442564226685708661E+03   -0.113719563396503602E+02    1
    0.997251104313236825E+00    0.162087457874495067E+04    0.442834406634746983E+03   -0.113919563396503616E+02    1
    0.997361817618045099E+00    0.162442503448070465E+04    0.443368799399100737E+03   -0.114119563396503612E+02    1
    0.997580177632830023E+00    0.160489406773814835E+04    0.444267689545877943E+03   -0.114319563396503625E+02    1
    0.997778857504495909E+00    0.162125074207197986E+04    0.444364632222032469E+03   -0.114519563396503639E+02    1
    0.100209330538042929E+01    0.143771468676521135E+04    0.444393033225730903E+03   -0.114719563396503617E+02    1
    0.100285045212338408E+01    0.136649136931802263E+04    0.444608374033453401E+03   -0.114919563396503612E+02    1
    0.999537123041087217E+00    0.156769908354869449E+04    0.444729621308620835E+03   -0.115119563396503626E+02    1
    0.998183400517962505E+00    0.155878674052285942E+04    0.444783256387977758E+03   -0.115319563396503639E+02    1
    0.100270039153637369E+01    0.138220480975657279E+04    0.444917328913925985E+03   -0.115519563396503635E+02    1
    0.100242754740911200E+01    0.136390316244293490E+04    0.444999328486504737E+03   -0.115719563396503631E+02    1
    0.100260669063843810E+01    0.138788429264804290E+04    0.445159226673159026E+03   -0.115919563396503627E+02    1
    0.997843418209918953E+00    0.161164161047699145E+04    0.445159550105672224E+03   -0.116119563396503622E+02    1
    0.100171781642431035E+01    0.138696864795180727E+04    0.445185351618409300E+03   -0.116319563396503636E+02    1
    0.100102399095059313E+01    0.141294673933085824E+04    0.445412773749214409E+03   -0.116519563396503649E+02    1
    0.998887543749891638E+00    0.151874843086610554E+04    0.445516827051133987E+03   -0.116719563396503663E+02    1
    0.100249491024172066E+01    0.138073385364120509E+04    0.445651880925956789E+03   -0.116919563396503641E+02    1
    0.999342626200998119E+00    0.157023053048834754E+04    0.445664035126858550E+03   -0.117119563396503636E+02    1
    0.100098336232883200E+01    0.141626482069846975E+04    0.445765559008026798E+03   -0.117319563396503650E+02    1
    0.998353229387355712E+00    0.155654654087034169E+04    0.445797333289309449E+03   -0.117519563396503663E+02    1
    0.999871811192237447E+00    0.154533617406820940E+04    0.445955535508728417E+03   -0.117719563396503641E+02    1
    0.100062549779004839E+01    0.143118444785887937E+04    0.445956941375357815E+03   -0.117919563396503619E+02    1
    0.998508602250721244E+00    0.154775598694230302E+04    0.446061145522672916E+03   -0.118119563396503633E+02    1
    0.999612872940381259E+00    0.148288584234261612E+04    0.446135074728064922E+03   -0.118319563396503664E+02    1
    0.998048012837093990E+00    0.159507361883339718E+04    0.446135133840385492E+03   -0.118519563396503660E+02    1
    0.100216375252771583E+01    0.138732621031848635E+04    0.446197644013616639E+03   -0.118719563396503673E+02    1
    0.100027247734677793E+01    0.144852611509425515E+04    0.446205490582438813E+03   -0.118919563396503651E+02    1
    0.100221611787845633E+01    0.140129091575994175E+04    0.446332601980978097E+03   -0.119119563396503629E+02    1
    0.998197889077213185E+00    0.160025489601578965E+04    0.446406190794862368E+03   -0.119319563396503643E+02    1
    0.998261359232257561E+00    0.157620006302290540E+04    0.446436266424129883E+03   -0.119519563396503639E+02    1
    0.100123187530356650E+01    0.147552343079981165E+04    0.446521057210553636E+03   -0.119719563396503634E+02    1
    0.100198270459762573E+01    0.142482397268023487E+04    0.446599995115422530E+03   -0.119919563396503648E+02    1
    0.100191514862516318E+01    0.139986617406434198E+04    0.446619316696918986E+03   -0.120119563396503644E+02    1
    0.100015666369224721E+01    0.145721604250432893E+04    0.446645923166170803E+03   -0.120319563396503657E+02    1
    0.100133548242756865E+01    0.141086651348569399E+04    0.446693110639239933E+03   -0.120519563396503653E+02    1
    0.999353327108257750E+00    0.156153359366051086E+04    0.446714436337189795E+03   -0.120719563396503631E+02    1
    0.100115402831617883E+01    0.141672683586358517E+04    0.446759159144536738E+03   -0.120919563396503627E+02    1
    0.998423419694227987E+00    0.158603271034280328E+04    0.446857604795268969E+03   -0.121119563396503640E+02    1
    0.100071839141068208E+01    0.150296239339233534E+04    0.446897864022536794E+03   -0.121319563396503671E+02    1
    0.999885042295266202E+00    0.147356327624779078E+04    0.446920776966820483E+03   -0.121519563396503685E+02    1
    0.100031510906047272E+01    0.145171380650590527E+04    0.446944264096210645E+03   -0.121719563396503698E+02    1
    0.998434932713374912E+00    0.157253423466516642E+04    0.446947922560329232E+03   -0.121919563396503694E+02    1
    0.100172280578200712E+01    0.143915519996645980E+04    0.446984928192151585E+03   -0.122119563396503654E+02    1
    0.998941704009082554E+00    0.152788737412014325E+04    0.446999823701568232E+03   -0.122319563396503632E+02    1
    0.998500753305278432E+00    0.156506656270445410E+04    0.447007510578097026E+03   -0.122519563396503628E+02    1
    0.100059051913353203E+01    0.144007458089689680E+04    0.447053729493580533E+03   -0.122719563396503641E+02    1
    0.100136972220022069E+01    0.141312586193905395E+04    0.447104274215815110E+03   -0.122919563396503637E+02    1
    0.998956813533990795E+00    0.152879515366282021E+04    0.447167762451088265E+03   -0.123119563396503633E+02    1
    0.999484669326591080E+00    0.149972105639379151E+04    0.447168515477684764E+03   -0.123319563396503646E+02    1
    0.100030776317766401E+01    0.151831243408887894E+04    0.447219500661688755E+03   -0.123519563396503660E+02    1
    0.100141212002144031E+01    0.145741324779372189E+04    0.447225856176920786E+03   -0.123719563396503656E+02    1
    0.100190562669734962E+01    0.141058974561293849E+04    0.447252722112362164E+03   -0.123919563396503669E+02    1
    0.999420055223519288E+00    0.155376361092556795E+04    0.447279466217997594E+03   -0.124119563396503665E+02    1
    0.999396077847736097E+00    0.155442811911201034E+04    0.447302671924077117E+03   -0.124319563396503661E+02    1
    0.100166308153052430E+01    0.143893267316706533E+04    0.447321848210577912E+03   -0.124519563396503656E+02    1
    0.100163397919321073E+01    0.143996366514452075E+04    0.447398033407368132E+03   -0.124719563396503652E+02    1
    0.100160125441799353E+01    0.141139534874663650E+04    0.447408874061051165E+03   -0.124919563396503630E+02    1
    0.100066807213744902E+01    0.143966107632540047E+04    0.447409608921780773E+03   -0.125119563396503644E+02    1
    0.998649139092429694E+00    0.156420710617670625E+04    0.447415499939217113E+03   -0.125319563396503675E+02    1
    0.100073934353155658E+01    0.143691034113108276E+04    0.447428931323240079E+03   -0.125519563396503688E+02    1
    0.100118268452397796E+01    0.146955139243306462E+04    0.447466451212004529E+03   -0.125719563396503684E+02    1
    0.999077353431823023E+00    0.152477199306753664E+04    0.447494414464375552E+03   -0.125919563396503662E+02    1
    0.998709612172818284E+00    0.155740668306251155E+04    0.447501492449290822E+03   -0.126119563396503658E+02    1
    0.998996687964133878E+00    0.156494627887088427E+04    0.447501780268063158E+03   -0.126319563396503654E+02    1
    0.998837062509112750E+00    0.154375148024953523E+04    0.447535005190441439E+03   -0.126519563396503649E+02    1
    0.100077968010545026E+01    0.149411287750790461E+04    0.447539376845447691E+03   -0.126719563396503698E+02    1
    0.100147802102148775E+01    0.144877511575970266E+04    0.447566955547734381E+03   -0.126919563396503712E+02    1
    0.998885845327573962E+00    0.156554340516830507E+04    0.447583406801415492E+03   -0.127119563396503672E+02    1
    0.999823764667209458E+00    0.148335522978656672E+04    0.447616273190687536E+03   -0.127319563396503650E+02    1
    0.999703627303619946E+00    0.153913653841398923E+04    0.447682844014200953E+03   -0.127519563396503681E+02    1
    0.100172553303015688E+01    0.142509326605713522E+04    0.447683316540568512E+03   -0.127719563396503695E+02    1
    0.100130968905770690E+01    0.142070416951023094E+04    0.447721748640448027E+03   -0.127919563396503690E+02    1
    0.998982888027165949E+00    0.153519588101746194E+04    0.447726828774927299E+03   -0.128119563396503651E+02    1
    0.999344792616482347E+00    0.155148733021766566E+04    0.447731119893695222E+03   -0.128319563396503664E+02    1
    0.100141882005946292E+01    0.145013665317247819E+04    0.447759969079442499E+03   -0.128519563396503695E+02    1
    0.100115439057521538E+01    0.142574181687856299E+04    0.447797321467678216E+03   -0.128719563396503673E+02    1
    0.999101573774392904E+00    0.152773059577504182E+04    0.447818422067493657E+03   -0.128919563396503669E+02    1
    0.100087648820998543E+01    0.148451980732970037E+04    0.447848167666996289E+03   -0.129119563396503683E+02    1
    0.999812678620179196E+00    0.148651719206681446E+04    0.447850375477251191E+03   -0.129319563396503678E+02    1
    0.100103006539676254E+01    0.143030826486519095E+04    0.447861047566728416E+03   -0.129519563396503656E+02    1
    0.100087878974583933E+01    0.143611688668531406E+04    0.447912600977618638E+03   -0.129719563396503670E+02    1
    0.100060255666205711E+01    0.144745546646082039E+04    0.447946233188620170E+03   -0.129919563396503666E+02    1
    0.100124214544007017E+01    0.142515117534907404E+04    0.447948065565131913E+03   -0.130119563396503661E+02    1
    0.100005456605740095E+01    0.147396550035789824E+04    0.447948724297271269E+03   -0.130319563396503657E+02    1
    0.999897085831092935E+00    0.148298542308017795E+04    0.447971944106577439E+03   -0.130519563396503653E+02    1
    0.100030715327284536E+01    0.146161163581593610E+04    0.448005335316759556E+03   -0.130719563396503666E+02    1
    0.999457518120788646E+00    0.154362500113398801E+04    0.448058531680664089E+03   -0.130919563396503680E+02    1
    0.999230009059342894E+00    0.154899636537380115E+04    0.448103354845337321E+03   -0.131119563396503676E+02    1
    0.999926359632125394E+00    0.152617990406295939E+04    0.448132307299935405E+03   -0.131319563396503689E+02    1
    0.999169607479328703E+00    0.152859589413239883E+04    0.448133090715840922E+03   -0.131519563396503685E+02    1
    0.100140731631838387E+01    0.144246068464398809E+04    0.448186764401534731E+03   -0.131719563396503681E+02    1
    0.100127852359995395E+01    0.145177466613225624E+04    0.448244513314609549E+03   -0.131919563396503676E+02    1
    0.100118409166444344E+01    0.145773162825389818E+04    0.448297975570025415E+03   -0.132119563396503690E+02    1
    0.100138209452007731E+01    0.144006146812581937E+04    0.448319493874128455E+03   -0.132319563396503685E+02    1
    0.999616791341770616E+00    0.153493293295451031E+04    0.448322908561477675E+03   -0.132519563396503663E+02    1
    0.100071632766765894E+01    0.144775416824494050E+04    0.448369967494202740E+03   -0.132719563396503695E+02    1
    0.100032937174742065E+01    0.150783893041753936E+04    0.448375426869474552E+03   -0.132919563396503690E+02    1
    0.100113618861726095E+01    0.145958670678265003E+04    0.448378407446245888E+03   -0.133119563396503704E+02    1
    0.100071527860645060E+01    0.144800669638004001E+04    0.448385444182690492E+03   -0.133319563396503717E+02    1
    0.999465171293183019E+00    0.151332376674694751E+04    0.448422824254058128E+03   -0.133519563396503695E+02    1
    0.999227930206342263E+00    0.153483193777405404E+04    0.448434602481949184E+03   -0.133719563396503673E+02    1
    0.100094284293348457E+01    0.147157554566795261E+04    0.448452944138946236E+03   -0.133919563396503687E+02    1
    0.999551871788708857E+00    0.153430774249068691E+04    0.448484813004031309E+03   -0.134119563396503700E+02    1
    0.100123818725630676E+01    0.143573543236653131E+04    0.448485049923050894E+03   -0.134319563396503696E+02    1
    0.100070781157723498E+01    0.145002114513605352E+04    0.448505069141085471E+03   -0.134519563396503674E+02    1
    0.100003796427188729E+01    0.148199839967874050E+04    0.448508396865610791E+03   -0.134719563396503670E+02    1
    0.100067186848207679E+01    0.148803562755022222E+04    0.448517367470803151E+03   -0.134919563396503701E+02    1
    0.100116800851603749E+01    0.143742355017654518E+04    0.448530802927561524E+03   -0.135119563396503732E+02    1
    0.100075717679236198E+01    0.144866045961078021E+04    0.448538149108837615E+03   -0.135319563396503693E+02    1
    0.100001555161223665E+01    0.151821451213101363E+04    0.448543467483525319E+03   -0.135519563396503671E+02    1
    0.999825092905325064E+00    0.149521534776934868E+04    0.448543526553189452E+03   -0.135719563396503720E+02    1
    0.100116254838138796E+01    0.145266146538799899E+04    0.448563881620907011E+03   -0.135919563396503733E+02    1
    0.100046078869848576E+01    0.146158860875358914E+04    0.448579623159600203E+03   -0.136119563396503693E+02    1
    0.100069670212182849E+01    0.145263753332788201E+04    0.448639944493512473E+03   -0.136319563396503671E+02    1
    0.100012046040049807E+01    0.147968165464170306E+04    0.448650115402375377E+03   -0.136519563396503685E+02    1
    0.100053667464500551E+01    0.149423111988971004E+04    0.448651680087425802E+03   -0.136719563396503681E+02    1
    0.100081832766946377E+01    0.147598593342160757E+04    0.448654321295115096E+03   -0.136919563396503676E+02    1
    0.100083017499382709E+01    0.144821852786296472E+04    0.448658294956557768E+03   -0.137119563396503672E+02    1
    0.100002005614955047E+01    0.151607271037965165E+04    0.448694493764195954E+03   -0.137319563396503703E+02    1
    0.999453391897566989E+00    0.153009937049307018E+04    0.448700644845140175E+03   -0.137519563396503717E+02    1
    0.100076986677489854E+01    0.145117247476256352E+04    0.448704905438315677E+03   -0.137719563396503695E+02    1
    0.999535803799404432E+00    0.151480847914579431E+04    0.448713569966006503E+03   -0.137919563396503673E+02    1
    0.100078426684620392E+01    0.145129556619814161E+04    0.448734496512323801E+03   -0.138119563396503668E+02    1
    0.100044747015759095E+01    0.149808535139240121E+04    0.448744873085335200E+03   -0.138319563396503682E+02    1
    0.999667588914421756E+00    0.152612694926236054E+04    0.448751859997699853E+03   -0.138519563396503713E+02    1
    0.100087286159616973E+01    0.146962870030594013E+04    0.448763052061733106E+03   -0.138719563396503709E+02    1
    0.100041892266923882E+01    0.146658133539747905E+04    0.448763322804385609E+03   -0.138919563396503705E+02    1
    0.999942998555727103E+00    0.149203338126428093E+04    0.448767401244962969E+03   -0.139119563396503718E+02    1
    0.999561429632642051E+00    0.151487758868597939E+04    0.448779122259897918E+03   -0.139319563396503714E+02    1
    0.100101453881765989E+01    0.145719317108356336E+04    0.448784611844149026E+03   -0.139519563396503692E+02    1
    0.999610117163655776E+00    0.151213383006034769E+04    0.448805941395395166E+03   -0.139719563396503688E+02    1
    0.100089523276069015E+01    0.146637032101104251E+04    0.448814835829570427E+03   -0.139919563396503701E+02    1
    0.100061108046109681E+01    0.145963246661223070E+04    0.448829499503607053E+03   -0.140119563396503697E+02    1
    0.100061028488573234E+01    0.148570984960603187E+04    0.448834074349724176E+03   -0.140319563396503693E+02    1
    0.100071498629810662E+01    0.147877207713392067E+04    0.448834118778831339E+03   -0.140519563396503724E+02    1
    0.999825065618114683E+00    0.152020685606910547E+04    0.448836753832911086E+03   -0.140719563396503684E+02    1
    0.999835937149585074E+00    0.150034220674380413E+04    0.448839795439120223E+03   -0.140919563396503662E+02    1
    0.100079703476336590E+01    0.147278144814034999E+04    0.448844273852200502E+03   -0.141119563396503676E+02    1
    0.999970703603236366E+00    0.151535775362338472E+04    0.448852824470578867E+03   -0.141319563396503689E+02    1
    0.100086301493309371E+01    0.146707994075457145E+04    0.448865663151392994E+03   -0.141519563396503703E+02    1
