    0.999537123041087217E+00    0.156769908354869449E+04    0.444729621308620835E+03
    0.998183400517962505E+00    0.155878674052285942E+04    0.444783256387977758E+03
    0.100270039153637369E+01    0.138220480975657279E+04    0.444917328913925985E+03
    0.100242754740911200E+01    0.136390316244293490E+04    0.444999328486504737E+03
    0.100102399095059313E+01    0.141294673933085824E+04    0.445412773749214409E+03
    0.100249491024172066E+01    0.138073385364120509E+04    0.445651880925956789E+03
    0.998353229387355712E+00    0.155654654087034169E+04    0.445797333289309449E+03
    0.999612872940381259E+00    0.148288584234261612E+04    0.446135074728064922E+03
    0.100216375252771583E+01    0.138732621031848635E+04    0.446197644013616639E+03
    0.100027247734677793E+01    0.144852611509425515E+04    0.446205490582438813E+03
    0.100221611787845633E+01    0.140129091575994175E+04    0.446332601980978097E+03
    0.998197889077213185E+00    0.160025489601578965E+04    0.446406190794862368E+03
    0.100123187530356650E+01    0.147552343079981165E+04    0.446521057210553636E+03
    0.100198270459762573E+01    0.142482397268023487E+04    0.446599995115422530E+03
    0.100191514862516318E+01    0.139986617406434198E+04    0.446619316696918986E+03
    0.100015666369224721E+01    0.145721604250432893E+04    0.446645923166170803E+03
    0.999353327108257750E+00    0.156153359366051086E+04    0.446714436337189795E+03
    0.100115402831617883E+01    0.141672683586358517E+04    0.446759159144536738E+03
    0.998423419694227987E+00    0.158603271034280328E+04    0.446857604795268969E+03
    0.100071839141068208E+01    0.150296239339233534E+04    0.446897864022536794E+03
    0.999885042295266202E+00    0.147356327624779078E+04    0.446920776966820483E+03
    0.100031510906047272E+01    0.145171380650590527E+04    0.446944264096210645E+03
    0.998434932713374912E+00    0.157253423466516642E+04    0.446947922560329232E+03
    0.100172280578200712E+01    0.143915519996645980E+04    0.446984928192151585E+03
    0.998941704009082554E+00    0.152788737412014325E+04    0.446999823701568232E+03
    0.998500753305278432E+00    0.156506656270445410E+04    0.447007510578097026E+03
    0.100059051913353203E+01    0.144007458089689680E+04    0.447053729493580533E+03
    0.100136972220022069E+01    0.141312586193905395E+04    0.447104274215815110E+03
    0.998956813533990795E+00    0.152879515366282021E+04    0.447167762451088265E+03
    0.999484669326591080E+00    0.149972105639379151E+04    0.447168515477684764E+03
    0.100030776317766401E+01    0.151831243408887894E+04    0.447219500661688755E+03
    0.100141212002144031E+01    0.145741324779372189E+04    0.447225856176920786E+03
    0.100190562669734962E+01    0.141058974561293849E+04    0.447252722112362164E+03
    0.999420055223519288E+00    0.155376361092556795E+04    0.447279466217997594E+03
    0.999396077847736097E+00    0.155442811911201034E+04    0.447302671924077117E+03
    0.100166308153052430E+01    0.143893267316706533E+04    0.447321848210577912E+03
    0.100163397919321073E+01    0.143996366514452075E+04    0.447398033407368132E+03
    0.100160125441799353E+01    0.141139534874663650E+04    0.447408874061051165E+03
    0.100066807213744902E+01    0.143966107632540047E+04    0.447409608921780773E+03
    0.998649139092429694E+00    0.156420710617670625E+04    0.447415499939217113E+03
    0.100073934353155658E+01    0.143691034113108276E+04    0.447428931323240079E+03
    0.100118268452397796E+01    0.146955139243306462E+04    0.447466451212004529E+03
    0.999077353431823023E+00    0.152477199306753664E+04    0.447494414464375552E+03
    0.998709612172818284E+00    0.155740668306251155E+04    0.447501492449290822E+03
    0.998996687964133878E+00    0.156494627887088427E+04    0.447501780268063158E+03
    0.998837062509112750E+00    0.154375148024953523E+04    0.447535005190441439E+03
    0.100077968010545026E+01    0.149411287750790461E+04    0.447539376845447691E+03
    0.100147802102148775E+01    0.144877511575970266E+04    0.447566955547734381E+03
    0.998885845327573962E+00    0.156554340516830507E+04    0.447583406801415492E+03
    0.999823764667209458E+00    0.148335522978656672E+04    0.447616273190687536E+03
    0.999703627303619946E+00    0.153913653841398923E+04    0.447682844014200953E+03
    0.100172553303015688E+01    0.142509326605713522E+04    0.447683316540568512E+03
    0.100130968905770690E+01    0.142070416951023094E+04    0.447721748640448027E+03
    0.998982888027165949E+00    0.153519588101746194E+04    0.447726828774927299E+03
    0.998982888027165949E+00    0.153519588101746194E+04    0.447726828774927299E+03
    0.999344792616482347E+00    0.155148733021766566E+04    0.447731119893695222E+03
    0.100141882005946292E+01    0.145013665317247819E+04    0.447759969079442499E+03
    0.100141882005946292E+01    0.145013665317247819E+04    0.447759969079442499E+03
    0.100115439057521538E+01    0.142574181687856299E+04    0.447797321467678216E+03
    0.999101573774392904E+00    0.152773059577504182E+04    0.447818422067493657E+03
    0.100087648820998543E+01    0.148451980732970037E+04    0.447848167666996289E+03
    0.999812678620179196E+00    0.148651719206681446E+04    0.447850375477251191E+03
    0.100103006539676254E+01    0.143030826486519095E+04    0.447861047566728416E+03
    0.100087878974583933E+01    0.143611688668531406E+04    0.447912600977618638E+03
    0.100060255666205711E+01    0.144745546646082039E+04    0.447946233188620170E+03
    0.100124214544007017E+01    0.142515117534907404E+04    0.447948065565131913E+03
    0.100005456605740095E+01    0.147396550035789824E+04    0.447948724297271269E+03
    0.999897085831092935E+00    0.148298542308017795E+04    0.447971944106577439E+03
    0.100030715327284536E+01    0.146161163581593610E+04    0.448005335316759556E+03
    0.999457518120788646E+00    0.154362500113398801E+04    0.448058531680664089E+03
    0.999230009059342894E+00    0.154899636537380115E+04    0.448103354845337321E+03
    0.999926359632125394E+00    0.152617990406295939E+04    0.448132307299935405E+03
    0.999169607479328703E+00    0.152859589413239883E+04    0.448133090715840922E+03
    0.100140731631838387E+01    0.144246068464398809E+04    0.448186764401534731E+03
    0.100140731631838387E+01    0.144246068464398809E+04    0.448186764401534731E+03
    0.100127852359995395E+01    0.145177466613225624E+04    0.448244513314609549E+03
    0.100127852359995395E+01    0.145177466613225624E+04    0.448244513314609549E+03
    0.100118409166444344E+01    0.145773162825389818E+04    0.448297975570025415E+03
    0.100138209452007731E+01    0.144006146812581937E+04    0.448319493874128455E+03
    0.999616791341770616E+00    0.153493293295451031E+04    0.448322908561477675E+03
    0.100071632766765894E+01    0.144775416824494050E+04    0.448369967494202740E+03
    0.100032937174742065E+01    0.150783893041753936E+04    0.448375426869474552E+03
    0.100113618861726095E+01    0.145958670678265003E+04    0.448378407446245888E+03
    0.100113618861726095E+01    0.145958670678265003E+04    0.448378407446245888E+03
    0.100071527860645060E+01    0.144800669638004001E+04    0.448385444182690492E+03
    0.100071527860645060E+01    0.144800669638004001E+04    0.448385444182690492E+03
    0.999465171293183019E+00    0.151332376674694751E+04    0.448422824254058128E+03
    0.999227930206342263E+00    0.153483193777405404E+04    0.448434602481949184E+03
    0.100094284293348457E+01    0.147157554566795261E+04    0.448452944138946236E+03
    0.999551871788708857E+00    0.153430774249068691E+04    0.448484813004031309E+03
    0.100123818725630676E+01    0.143573543236653131E+04    0.448485049923050894E+03
    0.100070781157723498E+01    0.145002114513605352E+04    0.448505069141085471E+03
    0.100003796427188729E+01    0.148199839967874050E+04    0.448508396865610791E+03
    0.100067186848207679E+01    0.148803562755022222E+04    0.448517367470803151E+03
    0.100116800851603749E+01    0.143742355017654518E+04    0.448530802927561524E+03
    0.100075717679236198E+01    0.144866045961078021E+04    0.448538149108837615E+03
    0.100001555161223665E+01    0.151821451213101363E+04    0.448543467483525319E+03
    0.999825092905325064E+00    0.149521534776934868E+04    0.448543526553189452E+03
    0.999825092905325064E+00    0.149521534776934868E+04    0.448543526553189452E+03
    0.100116254838138796E+01    0.145266146538799899E+04    0.448563881620907011E+03
    0.100116254838138796E+01    0.145266146538799899E+04    0.448563881620907011E+03
    0.100046078869848576E+01    0.146158860875358914E+04    0.448579623159600203E+03
    0.100069670212182849E+01    0.145263753332788201E+04    0.448639944493512473E+03
    0.100012046040049807E+01    0.147968165464170306E+04    0.448650115402375377E+03
    0.100053667464500551E+01    0.149423111988971004E+04    0.448651680087425802E+03
    0.100081832766946377E+01    0.147598593342160757E+04    0.448654321295115096E+03
    0.100083017499382709E+01    0.144821852786296472E+04    0.448658294956557768E+03
    0.100002005614955047E+01    0.151607271037965165E+04    0.448694493764195954E+03
    0.999453391897566989E+00    0.153009937049307018E+04    0.448700644845140175E+03
    0.100076986677489854E+01    0.145117247476256352E+04    0.448704905438315677E+03
    0.999535803799404432E+00    0.151480847914579431E+04    0.448713569966006503E+03
    0.100078426684620392E+01    0.145129556619814161E+04    0.448734496512323801E+03
    0.100044747015759095E+01    0.149808535139240121E+04    0.448744873085335200E+03
    0.999667588914421756E+00    0.152612694926236054E+04    0.448751859997699853E+03
    0.100087286159616973E+01    0.146962870030594013E+04    0.448763052061733106E+03
    0.100041892266923882E+01    0.146658133539747905E+04    0.448763322804385609E+03
    0.999942998555727103E+00    0.149203338126428093E+04    0.448767401244962969E+03
    0.999561429632642051E+00    0.151487758868597939E+04    0.448779122259897918E+03
    0.100101453881765989E+01    0.145719317108356336E+04    0.448784611844149026E+03
    0.999610117163655776E+00    0.151213383006034769E+04    0.448805941395395166E+03
    0.100089523276069015E+01    0.146637032101104251E+04    0.448814835829570427E+03
    0.100061108046109681E+01    0.145963246661223070E+04    0.448829499503607053E+03
    0.100061028488573234E+01    0.148570984960603187E+04    0.448834074349724176E+03
    0.999825065618114683E+00    0.152020685606910547E+04    0.448836753832911086E+03
    0.999835937149585074E+00    0.150034220674380413E+04    0.448839795439120223E+03
    0.100079703476336590E+01    0.147278144814034999E+04    0.448844273852200502E+03
    0.100086301493309371E+01    0.146707994075457145E+04    0.448865663151392994E+03
    0.100063380752013731E+01    0.147687244654729875E+04    0.449054242863702484E+03
    0.100052615411844625E+01    0.147427311047993112E+04    0.449142126264907688E+03
    0.100029677623348823E+01    0.149597208661305967E+04    0.449141411592015459E+03
    0.100072495521885418E+01    0.146669605403422679E+04    0.449056881773347527E+03
    0.100006807438264222E+01    0.150066926074562639E+04    0.449206319647018745E+03
    0.100036747349319710E+01    0.147815590287857822E+04    0.449116306221228569E+03
    0.999769087862689254E+00    0.151218505610966758E+04    0.449061345602388883E+03
    0.100037393495207927E+01    0.147467286271937905E+04    0.449026297240694817E+03
    0.100046653237254146E+01    0.147247809080185220E+04    0.449080003430960915E+03
    0.100053096084288384E+01    0.147461833800896670E+04    0.449144854053725396E+03
    0.999984807456955060E+00    0.150360031423477790E+04    0.449184399587883206E+03
    0.100074958356618682E+01    0.147052669574410106E+04    0.448995910566008490E+03
    0.100020874062433807E+01    0.148287414993421771E+04    0.449025558646417835E+03
    0.999634486777410070E+00    0.152192556076735173E+04    0.448903120905898788E+03
    0.100055776544741137E+01    0.146990513821427407E+04    0.449093617959058747E+03
    0.100066415660079699E+01    0.147250798287343719E+04    0.449078120196313193E+03
    0.100086314672712695E+01    0.145295757658204684E+04    0.448874074887075494E+03
    0.100032693483990776E+01    0.148740474033321038E+04    0.449204037907671818E+03
    0.100032693483990776E+01    0.148740474033321038E+04    0.449204037907671818E+03
    0.999807615909894976E+00    0.151527537128296854E+04    0.449035485647227802E+03
    0.100066713588068645E+01    0.147184475852970945E+04    0.449080935463993512E+03
    0.100062239440702294E+01    0.147411108735958601E+04    0.449103876742079194E+03
    0.100018240900595567E+01    0.149929271210852357E+04    0.449196654080784242E+03
    0.999990078874091748E+00    0.151243046477228654E+04    0.448974744888430962E+03
    0.100059221441412127E+01    0.147752936088777869E+04    0.449098162184173646E+03
    0.999848330917956662E+00    0.151013716780300047E+04    0.449114136742456935E+03
    0.100059804895665083E+01    0.146870582346902597E+04    0.449090610622168981E+03
    0.100059804895665083E+01    0.146870582346902597E+04    0.449090610622168981E+03
    0.100085301109956948E+01    0.145327644196071992E+04    0.448877564901620929E+03
    0.100033922653494933E+01    0.148187266064849450E+04    0.449163834118398654E+03
    0.100033922653494933E+01    0.148187266064849450E+04    0.449163834118398654E+03
    0.100056013570731972E+01    0.148355122332008114E+04    0.449023582127992427E+03
    0.999714763448643740E+00    0.151531823003389582E+04    0.449015491852484331E+03
    0.100044557549279922E+01    0.147164491399042754E+04    0.449031816728192325E+03
    0.100029437104428687E+01    0.148028648459648844E+04    0.449082545375728841E+03
    0.100003496889061960E+01    0.150297207572636967E+04    0.449199396905507797E+03
    0.999694312855191058E+00    0.151836561195571994E+04    0.448976324064417554E+03
    0.100074738926304185E+01    0.146061406765055949E+04    0.448999849514901541E+03
    0.100060175764804304E+01    0.146253841589343938E+04    0.448934545679051666E+03
    0.100013775807988359E+01    0.148404589562754472E+04    0.448922192752661658E+03
    0.100044323782870070E+01    0.147610517785486059E+04    0.449137109109326389E+03
    0.100055101902277044E+01    0.147972422426429898E+04    0.449115057863031893E+03
    0.100035449556674028E+01    0.147778869712296591E+04    0.449092757562060683E+03
    0.100035449556674028E+01    0.147778869712296591E+04    0.449092757562060683E+03
    0.100011673715591609E+01    0.148777175030497392E+04    0.449019710754872108E+03
    0.100014448936509526E+01    0.148366281843999377E+04    0.448921701311865263E+03
    0.100012762214294781E+01    0.149268252742036066E+04    0.449161642503798248E+03
    0.100012762214294781E+01    0.149268252742036066E+04    0.449161642503798248E+03
    0.100076234669852204E+01    0.146760147410528975E+04    0.449019251541273377E+03
    0.999964115298155098E+00    0.150878162028340557E+04    0.449130664164054338E+03
    0.100015960238283030E+01    0.150622695873952262E+04    0.448995479110131555E+03
    0.100027621139851330E+01    0.149640419631653504E+04    0.449157271812216891E+03
    0.100027621139851330E+01    0.149640419631653504E+04    0.449157271812216891E+03
    0.100053517328114094E+01    0.148922580166333933E+04    0.448889041231562544E+03
    0.100008909226215104E+01    0.150054677639248894E+04    0.449210633595495437E+03
